node_1,node_2,node_3
1,2,3
1,2,4
1,2,5
1,2,6
1,2,14
1,2,852
1,3,4
1,3,5
1,3,6
1,4,5
1,4,6
1,5,6
1,13,14
1,13,49
1,13,172
1,13,173
1,13,852
1,49,852
1,49,853
1,68,172
1,68,852
1,172,173
1,172,852
1,172,853
1,852,853
2,3,4
2,3,5
2,3,6
2,4,5
2,4,6
2,5,6
2,14,20
2,80,852
3,4,5
3,4,6
3,5,6
4,5,6
7,8,9
7,8,10
7,8,11
7,8,12
7,9,10
7,9,11
7,9,12
7,10,11
7,10,12
7,11,12
7,68,852
7,852,853
8,9,10
8,9,11
8,9,12
8,10,11
8,10,12
8,11,12
8,24,25
8,87,89
8,87,91
8,87,92
8,89,91
8,89,92
8,91,92
9,10,11
9,10,12
9,11,12
10,11,12
13,14,15
13,14,16
13,14,17
13,14,18
13,14,168
13,14,238
13,14,244
13,15,16
13,15,17
13,15,18
13,16,17
13,16,18
13,17,18
13,19,244
13,49,244
13,49,852
13,118,173
13,167,168
13,167,172
13,167,173
13,167,178
13,168,172
13,168,173
13,168,178
13,168,179
13,172,173
13,172,178
13,172,179
13,172,244
13,172,852
13,173,178
13,173,179
13,178,179
13,178,852
13,244,493
13,244,852
14,15,16
14,15,17
14,15,18
14,16,17
14,16,18
14,17,18
14,20,24
14,168,245
14,238,245
14,239,245
14,244,245
15,16,17
15,16,18
15,17,18
16,17,18
19,20,21
19,20,22
19,20,23
19,20,24
19,20,130
19,20,157
19,21,22
19,21,23
19,22,23
19,103,104
19,103,130
19,103,157
19,130,157
20,21,22
20,21,23
20,22,23
20,24,25
20,36,130
20,36,157
20,130,157
20,157,163
21,22,23
24,25,427
24,25,726
24,25,737
24,39,44
24,39,70
24,70,268
24,70,427
24,427,828
24,726,729
24,726,737
24,737,741
24,737,828
24,741,828
25,726,728
25,726,737
26,27,28
26,27,29
26,27,30
26,27,31
26,27,32
26,27,33
26,27,34
26,27,39
26,27,63
26,27,337
26,27,343
26,28,29
26,28,30
26,28,31
26,28,32
26,28,33
26,28,34
26,29,30
26,29,31
26,29,32
26,29,33
26,29,34
26,30,31
26,30,32
26,30,33
26,30,34
26,31,32
26,31,33
26,31,34
26,32,33
26,32,34
26,33,34
26,63,64
26,63,337
26,337,343
27,28,29
27,28,30
27,28,31
27,28,32
27,28,33
27,28,34
27,29,30
27,29,31
27,29,32
27,29,33
27,29,34
27,30,31
27,30,32
27,30,33
27,30,34
27,31,32
27,31,33
27,31,34
27,32,33
27,32,34
27,33,34
27,39,40
27,63,337
27,337,343
28,29,30
28,29,31
28,29,32
28,29,33
28,29,34
28,30,31
28,30,32
28,30,33
28,30,34
28,31,32
28,31,33
28,31,34
28,32,33
28,32,34
28,33,34
29,30,31
29,30,32
29,30,33
29,30,34
29,31,32
29,31,33
29,31,34
29,32,33
29,32,34
29,33,34
30,31,32
30,31,33
30,31,34
30,32,33
30,32,34
30,33,34
31,32,33
31,32,34
31,33,34
32,33,34
35,36,37
35,36,38
35,36,55
35,36,157
35,37,38
35,54,55
35,157,158
36,37,38
36,50,55
36,130,157
39,40,41
39,40,42
39,40,43
39,40,45
39,40,70
39,40,654
39,40,659
39,40,663
39,40,667
39,41,42
39,41,43
39,42,43
39,44,45
39,44,846
39,49,50
39,49,281
39,49,846
39,49,847
39,49,853
39,68,70
39,135,162
39,654,657
39,654,659
39,654,663
39,654,667
39,846,847
40,41,42
40,41,43
40,42,43
40,70,81
40,70,842
40,81,842
40,654,659
40,654,663
40,654,667
41,42,43
44,45,46
44,45,47
44,45,48
44,46,47
44,46,48
44,47,48
45,46,47
45,46,48
45,47,48
46,47,48
49,50,51
49,50,52
49,50,53
49,50,54
49,51,52
49,51,53
49,52,53
49,54,846
49,54,847
49,54,852
49,244,852
49,244,853
49,412,414
49,846,847
49,852,853
50,51,52
50,51,53
50,52,53
50,54,55
51,52,53
54,55,56
54,55,57
54,55,58
54,55,59
54,56,57
54,56,58
54,56,59
54,57,58
54,57,59
54,58,59
54,321,325
54,846,847
55,56,57
55,56,58
55,56,59
55,57,58
55,57,59
55,58,59
56,57,58
56,57,59
56,58,59
57,58,59
60,61,62
63,64,65
63,64,66
63,64,67
63,64,69
63,65,66
63,65,67
63,66,67
63,69,80
63,80,853
64,65,66
64,65,67
64,66,67
64,69,71
65,66,67
68,69,70
68,69,71
68,69,72
68,69,73
68,69,74
68,69,75
68,69,76
68,69,77
68,69,78
68,69,79
68,69,80
68,69,81
68,70,71
68,70,72
68,70,73
68,70,74
68,70,75
68,70,76
68,70,77
68,70,78
68,70,79
68,70,80
68,70,81
68,70,673
68,70,841
68,70,852
68,71,72
68,71,73
68,71,74
68,71,75
68,71,76
68,71,77
68,71,78
68,71,79
68,71,80
68,71,81
68,72,73
68,72,74
68,72,75
68,72,76
68,72,77
68,72,78
68,72,79
68,72,80
68,72,81
68,73,74
68,73,75
68,73,76
68,73,77
68,73,78
68,73,79
68,73,80
68,73,81
68,74,75
68,74,76
68,74,77
68,74,78
68,74,79
68,74,80
68,74,81
68,75,76
68,75,77
68,75,78
68,75,79
68,75,80
68,75,81
68,76,77
68,76,78
68,76,79
68,76,80
68,76,81
68,77,78
68,77,79
68,77,80
68,77,81
68,78,79
68,78,80
68,78,81
68,79,80
68,79,81
68,80,81
68,80,852
68,81,852
68,172,852
68,841,852
69,70,71
69,70,72
69,70,73
69,70,74
69,70,75
69,70,76
69,70,77
69,70,78
69,70,79
69,70,80
69,70,81
69,70,842
69,71,72
69,71,73
69,71,74
69,71,75
69,71,76
69,71,77
69,71,78
69,71,79
69,71,80
69,71,81
69,71,842
69,72,73
69,72,74
69,72,75
69,72,76
69,72,77
69,72,78
69,72,79
69,72,80
69,72,81
69,73,74
69,73,75
69,73,76
69,73,77
69,73,78
69,73,79
69,73,80
69,73,81
69,74,75
69,74,76
69,74,77
69,74,78
69,74,79
69,74,80
69,74,81
69,75,76
69,75,77
69,75,78
69,75,79
69,75,80
69,75,81
69,76,77
69,76,78
69,76,79
69,76,80
69,76,81
69,77,78
69,77,79
69,77,80
69,77,81
69,78,79
69,78,80
69,78,81
69,79,80
69,79,81
69,80,81
69,81,842
69,87,93
69,87,842
70,71,72
70,71,73
70,71,74
70,71,75
70,71,76
70,71,77
70,71,78
70,71,79
70,71,80
70,71,81
70,71,842
70,72,73
70,72,74
70,72,75
70,72,76
70,72,77
70,72,78
70,72,79
70,72,80
70,72,81
70,73,74
70,73,75
70,73,76
70,73,77
70,73,78
70,73,79
70,73,80
70,73,81
70,74,75
70,74,76
70,74,77
70,74,78
70,74,79
70,74,80
70,74,81
70,75,76
70,75,77
70,75,78
70,75,79
70,75,80
70,75,81
70,76,77
70,76,78
70,76,79
70,76,80
70,76,81
70,77,78
70,77,79
70,77,80
70,77,81
70,78,79
70,78,80
70,78,81
70,79,80
70,79,81
70,80,81
70,80,850
70,80,852
70,81,842
70,81,852
70,841,842
70,841,852
70,850,852
71,72,73
71,72,74
71,72,75
71,72,76
71,72,77
71,72,78
71,72,79
71,72,80
71,72,81
71,73,74
71,73,75
71,73,76
71,73,77
71,73,78
71,73,79
71,73,80
71,73,81
71,74,75
71,74,76
71,74,77
71,74,78
71,74,79
71,74,80
71,74,81
71,75,76
71,75,77
71,75,78
71,75,79
71,75,80
71,75,81
71,76,77
71,76,78
71,76,79
71,76,80
71,76,81
71,77,78
71,77,79
71,77,80
71,77,81
71,78,79
71,78,80
71,78,81
71,79,80
71,79,81
71,80,81
71,81,842
72,73,74
72,73,75
72,73,76
72,73,77
72,73,78
72,73,79
72,73,80
72,73,81
72,74,75
72,74,76
72,74,77
72,74,78
72,74,79
72,74,80
72,74,81
72,75,76
72,75,77
72,75,78
72,75,79
72,75,80
72,75,81
72,76,77
72,76,78
72,76,79
72,76,80
72,76,81
72,77,78
72,77,79
72,77,80
72,77,81
72,78,79
72,78,80
72,78,81
72,79,80
72,79,81
72,80,81
73,74,75
73,74,76
73,74,77
73,74,78
73,74,79
73,74,80
73,74,81
73,75,76
73,75,77
73,75,78
73,75,79
73,75,80
73,75,81
73,76,77
73,76,78
73,76,79
73,76,80
73,76,81
73,77,78
73,77,79
73,77,80
73,77,81
73,78,79
73,78,80
73,78,81
73,79,80
73,79,81
73,80,81
74,75,76
74,75,77
74,75,78
74,75,79
74,75,80
74,75,81
74,76,77
74,76,78
74,76,79
74,76,80
74,76,81
74,77,78
74,77,79
74,77,80
74,77,81
74,78,79
74,78,80
74,78,81
74,79,80
74,79,81
74,80,81
75,76,77
75,76,78
75,76,79
75,76,80
75,76,81
75,77,78
75,77,79
75,77,80
75,77,81
75,78,79
75,78,80
75,78,81
75,79,80
75,79,81
75,80,81
76,77,78
76,77,79
76,77,80
76,77,81
76,78,79
76,78,80
76,78,81
76,79,80
76,79,81
76,80,81
77,78,79
77,78,80
77,78,81
77,79,80
77,79,81
77,80,81
78,79,80
78,79,81
78,80,81
79,80,81
80,81,851
80,81,852
80,847,850
80,847,851
80,850,851
80,850,852
80,850,853
80,852,853
82,83,84
82,83,85
82,84,85
83,84,85
84,87,89
84,87,91
84,87,92
84,89,91
84,89,92
84,91,92
86,87,88
86,87,89
86,87,90
86,87,91
86,87,92
86,87,93
86,87,94
86,87,442
86,87,453
86,88,89
86,88,90
86,88,91
86,88,92
86,88,93
86,88,94
86,89,90
86,89,91
86,89,92
86,89,93
86,89,94
86,89,442
86,89,453
86,90,91
86,90,92
86,90,93
86,90,94
86,91,92
86,91,93
86,91,94
86,91,442
86,91,453
86,92,93
86,92,94
86,92,442
86,92,453
86,93,94
86,93,453
86,108,231
86,231,438
86,438,478
86,438,537
86,442,453
86,453,537
86,453,544
86,478,544
86,751,752
87,88,89
87,88,90
87,88,91
87,88,92
87,88,93
87,88,94
87,89,90
87,89,91
87,89,92
87,89,93
87,89,94
87,89,442
87,89,453
87,90,91
87,90,92
87,90,93
87,90,94
87,91,92
87,91,93
87,91,94
87,91,96
87,91,442
87,91,453
87,92,93
87,92,94
87,92,96
87,92,109
87,92,442
87,92,453
87,93,94
87,93,453
87,442,453
88,89,90
88,89,91
88,89,92
88,89,93
88,89,94
88,90,91
88,90,92
88,90,93
88,90,94
88,91,92
88,91,93
88,91,94
88,92,93
88,92,94
88,93,94
89,90,91
89,90,92
89,90,93
89,90,94
89,91,92
89,91,93
89,91,94
89,91,442
89,91,453
89,92,93
89,92,94
89,92,442
89,92,453
89,93,94
89,93,453
89,442,453
90,91,92
90,91,93
90,91,94
90,92,93
90,92,94
90,93,94
91,92,93
91,92,94
91,92,96
91,92,442
91,92,453
91,93,94
91,93,453
91,442,453
92,93,94
92,93,453
92,442,453
93,453,454
93,453,455
93,453,456
93,453,457
93,454,455
93,454,456
93,454,457
93,455,456
93,455,457
93,456,457
95,96,97
95,96,98
95,96,99
95,96,100
95,96,101
95,96,102
95,97,98
95,97,99
95,97,100
95,97,101
95,97,102
95,98,99
95,98,100
95,98,101
95,98,102
95,99,100
95,99,101
95,99,102
95,100,101
95,100,102
95,101,102
95,453,454
95,453,455
95,454,455
96,97,98
96,97,99
96,97,100
96,97,101
96,97,102
96,98,99
96,98,100
96,98,101
96,98,102
96,98,549
96,99,100
96,99,101
96,99,102
96,100,101
96,100,102
96,101,102
97,98,99
97,98,100
97,98,101
97,98,102
97,99,100
97,99,101
97,99,102
97,100,101
97,100,102
97,101,102
98,99,100
98,99,101
98,99,102
98,100,101
98,100,102
98,101,102
99,100,101
99,100,102
99,101,102
100,101,102
103,104,105
103,104,106
103,104,107
103,104,109
103,104,355
103,105,106
103,105,107
103,106,107
103,108,109
103,130,157
103,355,356
104,105,106
104,105,107
104,106,107
105,106,107
108,109,110
108,109,111
108,109,112
108,110,111
108,110,112
108,111,112
109,110,111
109,110,112
109,111,112
110,111,112
113,114,115
113,114,116
113,115,116
114,115,116
117,118,119
117,118,120
117,118,121
117,118,122
117,118,123
117,118,124
117,118,125
117,118,126
117,118,127
117,118,128
117,118,129
117,118,173
117,118,518
117,118,521
117,118,567
117,119,120
117,119,121
117,119,122
117,119,123
117,119,124
117,119,125
117,119,126
117,119,127
117,119,128
117,119,129
117,119,173
117,119,331
117,119,404
117,120,121
117,120,122
117,120,123
117,120,124
117,120,125
117,120,126
117,120,127
117,120,128
117,120,129
117,120,518
117,120,567
117,121,122
117,121,123
117,121,124
117,121,125
117,121,126
117,121,127
117,121,128
117,121,129
117,121,173
117,121,405
117,122,123
117,122,124
117,122,125
117,122,126
117,122,127
117,122,128
117,122,129
117,123,124
117,123,125
117,123,126
117,123,127
117,123,128
117,123,129
117,124,125
117,124,126
117,124,127
117,124,128
117,124,129
117,125,126
117,125,127
117,125,128
117,125,129
117,125,518
117,125,567
117,125,589
117,126,127
117,126,128
117,126,129
117,126,518
117,126,567
117,127,128
117,127,129
117,128,129
117,173,178
117,254,567
117,331,404
117,331,405
117,404,405
117,404,608
117,404,715
117,405,608
117,608,715
118,119,120
118,119,121
118,119,122
118,119,123
118,119,124
118,119,125
118,119,126
118,119,127
118,119,128
118,119,129
118,119,173
118,119,196
118,120,121
118,120,122
118,120,123
118,120,124
118,120,125
118,120,126
118,120,127
118,120,128
118,120,129
118,120,518
118,120,567
118,121,122
118,121,123
118,121,124
118,121,125
118,121,126
118,121,127
118,121,128
118,121,129
118,121,158
118,121,173
118,122,123
118,122,124
118,122,125
118,122,126
118,122,127
118,122,128
118,122,129
118,123,124
118,123,125
118,123,126
118,123,127
118,123,128
118,123,129
118,124,125
118,124,126
118,124,127
118,124,128
118,124,129
118,125,126
118,125,127
118,125,128
118,125,129
118,125,518
118,125,567
118,126,127
118,126,128
118,126,129
118,126,473
118,126,518
118,126,567
118,127,128
118,127,129
118,128,129
118,158,173
118,158,245
118,173,245
118,473,506
118,521,524
119,120,121
119,120,122
119,120,123
119,120,124
119,120,125
119,120,126
119,120,127
119,120,128
119,120,129
119,120,379
119,121,122
119,121,123
119,121,124
119,121,125
119,121,126
119,121,127
119,121,128
119,121,129
119,121,173
119,121,336
119,122,123
119,122,124
119,122,125
119,122,126
119,122,127
119,122,128
119,122,129
119,123,124
119,123,125
119,123,126
119,123,127
119,123,128
119,123,129
119,124,125
119,124,126
119,124,127
119,124,128
119,124,129
119,125,126
119,125,127
119,125,128
119,125,129
119,126,127
119,126,128
119,126,129
119,127,128
119,127,129
119,128,129
119,129,336
119,173,218
119,218,223
119,331,336
119,331,379
119,331,404
120,121,122
120,121,123
120,121,124
120,121,125
120,121,126
120,121,127
120,121,128
120,121,129
120,122,123
120,122,124
120,122,125
120,122,126
120,122,127
120,122,128
120,122,129
120,123,124
120,123,125
120,123,126
120,123,127
120,123,128
120,123,129
120,124,125
120,124,126
120,124,127
120,124,128
120,124,129
120,125,126
120,125,127
120,125,128
120,125,129
120,125,143
120,125,518
120,125,567
120,126,127
120,126,128
120,126,129
120,126,518
120,126,567
120,127,128
120,127,129
120,128,129
120,172,244
120,172,379
121,122,123
121,122,124
121,122,125
121,122,126
121,122,127
121,122,128
121,122,129
121,123,124
121,123,125
121,123,126
121,123,127
121,123,128
121,123,129
121,124,125
121,124,126
121,124,127
121,124,128
121,124,129
121,125,126
121,125,127
121,125,128
121,125,129
121,126,127
121,126,128
121,126,129
121,126,168
121,127,128
121,127,129
121,128,129
121,129,294
121,129,336
121,158,173
121,168,173
121,405,413
122,123,124
122,123,125
122,123,126
122,123,127
122,123,128
122,123,129
122,124,125
122,124,126
122,124,127
122,124,128
122,124,129
122,125,126
122,125,127
122,125,128
122,125,129
122,126,127
122,126,128
122,126,129
122,127,128
122,127,129
122,128,129
123,124,125
123,124,126
123,124,127
123,124,128
123,124,129
123,125,126
123,125,127
123,125,128
123,125,129
123,126,127
123,126,128
123,126,129
123,127,128
123,127,129
123,128,129
124,125,126
124,125,127
124,125,128
124,125,129
124,126,127
124,126,128
124,126,129
124,127,128
124,127,129
124,128,129
125,126,127
125,126,128
125,126,129
125,126,518
125,126,567
125,127,128
125,127,129
125,128,129
125,143,151
126,127,128
126,127,129
126,128,129
126,128,176
126,129,332
127,128,129
128,561,577
128,561,585
128,577,585
129,332,336
130,131,132
130,131,133
130,131,134
130,131,135
130,131,136
130,131,137
130,131,138
130,131,139
130,131,140
130,131,141
130,132,133
130,132,134
130,132,135
130,132,136
130,132,137
130,132,138
130,132,139
130,132,140
130,132,141
130,133,134
130,133,135
130,133,136
130,133,137
130,133,138
130,133,139
130,133,140
130,133,141
130,134,135
130,134,136
130,134,137
130,134,138
130,134,139
130,134,140
130,134,141
130,135,136
130,135,137
130,135,138
130,135,139
130,135,140
130,135,141
130,135,162
130,136,137
130,136,138
130,136,139
130,136,140
130,136,141
130,137,138
130,137,139
130,137,140
130,137,141
130,138,139
130,138,140
130,138,141
130,139,140
130,139,141
130,140,141
130,142,148
130,142,157
130,142,162
130,148,157
130,157,162
130,173,179
131,132,133
131,132,134
131,132,135
131,132,136
131,132,137
131,132,138
131,132,139
131,132,140
131,132,141
131,133,134
131,133,135
131,133,136
131,133,137
131,133,138
131,133,139
131,133,140
131,133,141
131,134,135
131,134,136
131,134,137
131,134,138
131,134,139
131,134,140
131,134,141
131,135,136
131,135,137
131,135,138
131,135,139
131,135,140
131,135,141
131,136,137
131,136,138
131,136,139
131,136,140
131,136,141
131,137,138
131,137,139
131,137,140
131,137,141
131,138,139
131,138,140
131,138,141
131,139,140
131,139,141
131,140,141
132,133,134
132,133,135
132,133,136
132,133,137
132,133,138
132,133,139
132,133,140
132,133,141
132,134,135
132,134,136
132,134,137
132,134,138
132,134,139
132,134,140
132,134,141
132,135,136
132,135,137
132,135,138
132,135,139
132,135,140
132,135,141
132,136,137
132,136,138
132,136,139
132,136,140
132,136,141
132,137,138
132,137,139
132,137,140
132,137,141
132,138,139
132,138,140
132,138,141
132,139,140
132,139,141
132,140,141
133,134,135
133,134,136
133,134,137
133,134,138
133,134,139
133,134,140
133,134,141
133,135,136
133,135,137
133,135,138
133,135,139
133,135,140
133,135,141
133,136,137
133,136,138
133,136,139
133,136,140
133,136,141
133,137,138
133,137,139
133,137,140
133,137,141
133,138,139
133,138,140
133,138,141
133,139,140
133,139,141
133,140,141
134,135,136
134,135,137
134,135,138
134,135,139
134,135,140
134,135,141
134,136,137
134,136,138
134,136,139
134,136,140
134,136,141
134,137,138
134,137,139
134,137,140
134,137,141
134,138,139
134,138,140
134,138,141
134,139,140
134,139,141
134,140,141
135,136,137
135,136,138
135,136,139
135,136,140
135,136,141
135,137,138
135,137,139
135,137,140
135,137,141
135,138,139
135,138,140
135,138,141
135,139,140
135,139,141
135,140,141
135,143,162
136,137,138
136,137,139
136,137,140
136,137,141
136,138,139
136,138,140
136,138,141
136,139,140
136,139,141
136,140,141
136,254,256
137,138,139
137,138,140
137,138,141
137,139,140
137,139,141
137,140,141
138,139,140
138,139,141
138,140,141
139,140,141
142,143,144
142,143,145
142,143,146
142,143,147
142,143,148
142,143,149
142,143,150
142,143,151
142,143,152
142,143,157
142,143,162
142,143,163
142,144,145
142,144,146
142,144,147
142,144,148
142,144,149
142,144,150
142,144,151
142,144,163
142,145,146
142,145,147
142,145,148
142,145,149
142,145,150
142,145,151
142,146,147
142,146,148
142,146,149
142,146,150
142,146,151
142,147,148
142,147,149
142,147,150
142,147,151
142,148,149
142,148,150
142,148,151
142,148,152
142,148,157
142,149,150
142,149,151
142,150,151
142,152,157
142,152,162
142,157,162
142,157,163
142,157,297
142,157,836
142,162,163
142,162,608
142,297,400
142,297,836
142,400,836
142,608,836
143,144,145
143,144,146
143,144,147
143,144,148
143,144,149
143,144,150
143,144,151
143,144,158
143,144,163
143,145,146
143,145,147
143,145,148
143,145,149
143,145,150
143,145,151
143,146,147
143,146,148
143,146,149
143,146,150
143,146,151
143,147,148
143,147,149
143,147,150
143,147,151
143,148,149
143,148,150
143,148,151
143,148,152
143,148,157
143,149,150
143,149,151
143,149,158
143,150,151
143,151,728
143,152,157
143,152,162
143,157,158
143,157,162
143,157,163
143,158,162
143,158,163
143,162,163
144,145,146
144,145,147
144,145,148
144,145,149
144,145,150
144,145,151
144,146,147
144,146,148
144,146,149
144,146,150
144,146,151
144,147,148
144,147,149
144,147,150
144,147,151
144,148,149
144,148,150
144,148,151
144,149,150
144,149,151
144,149,158
144,150,151
144,158,163
144,158,245
145,146,147
145,146,148
145,146,149
145,146,150
145,146,151
145,147,148
145,147,149
145,147,150
145,147,151
145,148,149
145,148,150
145,148,151
145,149,150
145,149,151
145,150,151
146,147,148
146,147,149
146,147,150
146,147,151
146,148,149
146,148,150
146,148,151
146,149,150
146,149,151
146,150,151
147,148,149
147,148,150
147,148,151
147,149,150
147,149,151
147,150,151
148,149,150
148,149,151
148,150,151
148,152,155
148,152,157
148,157,159
148,157,828
148,315,316
149,150,151
149,153,158
149,153,837
149,158,303
149,158,314
149,825,837
152,153,154
152,153,155
152,153,156
152,154,155
152,154,156
152,155,156
152,157,162
153,154,155
153,154,156
153,154,163
153,155,156
153,158,163
154,155,156
157,158,159
157,158,160
157,158,161
157,158,162
157,158,163
157,158,164
157,158,165
157,158,166
157,158,314
157,159,160
157,159,161
157,159,162
157,159,163
157,159,164
157,159,165
157,159,166
157,160,161
157,160,162
157,160,163
157,160,164
157,160,165
157,160,166
157,161,162
157,161,163
157,161,164
157,161,165
157,161,166
157,162,163
157,162,164
157,162,165
157,162,166
157,163,164
157,163,165
157,163,166
157,164,165
157,164,166
157,165,166
157,217,297
157,217,836
157,268,297
157,268,836
157,297,828
157,297,836
158,159,160
158,159,161
158,159,162
158,159,163
158,159,164
158,159,165
158,159,166
158,160,161
158,160,162
158,160,163
158,160,164
158,160,165
158,160,166
158,161,162
158,161,163
158,161,164
158,161,165
158,161,166
158,162,163
158,162,164
158,162,165
158,162,166
158,163,164
158,163,165
158,163,166
158,163,173
158,164,165
158,164,166
158,165,166
158,173,245
159,160,161
159,160,162
159,160,163
159,160,164
159,160,165
159,160,166
159,161,162
159,161,163
159,161,164
159,161,165
159,161,166
159,162,163
159,162,164
159,162,165
159,162,166
159,163,164
159,163,165
159,163,166
159,164,165
159,164,166
159,165,166
160,161,162
160,161,163
160,161,164
160,161,165
160,161,166
160,162,163
160,162,164
160,162,165
160,162,166
160,163,164
160,163,165
160,163,166
160,164,165
160,164,166
160,165,166
161,162,163
161,162,164
161,162,165
161,162,166
161,163,164
161,163,165
161,163,166
161,164,165
161,164,166
161,165,166
162,163,164
162,163,165
162,163,166
162,164,165
162,164,166
162,165,166
163,164,165
163,164,166
163,165,166
164,165,166
167,168,169
167,168,170
167,168,172
167,168,173
167,168,178
167,169,170
167,172,173
167,172,178
167,172,853
167,173,178
167,349,673
168,169,170
168,172,173
168,172,178
168,172,179
168,173,178
168,173,179
168,173,218
168,173,245
168,178,179
168,245,247
172,173,174
172,173,175
172,173,176
172,173,178
172,173,179
172,173,217
172,174,175
172,174,176
172,175,176
172,178,179
172,178,379
172,178,852
172,244,852
172,244,853
172,254,255
172,852,853
173,174,175
173,174,176
173,175,176
173,178,179
173,217,218
174,175,176
178,179,180
178,179,181
178,180,181
179,180,181
182,185,186
185,186,187
185,186,188
185,186,189
185,186,190
185,186,640
185,187,188
185,187,189
185,188,189
185,645,646
186,187,188
186,187,189
186,188,189
186,635,638
186,635,641
186,640,641
186,701,706
187,188,189
190,191,192
190,191,193
190,191,194
190,192,193
190,192,194
190,193,194
191,192,193
191,192,194
191,193,194
192,193,194
195,196,233
195,196,234
195,226,227
195,226,231
195,227,231
195,227,232
195,227,234
195,231,232
195,231,233
195,231,234
195,231,454
195,232,233
195,232,234
195,233,234
196,233,234
197,198,199
197,198,200
197,198,201
197,198,202
197,199,200
197,199,201
197,199,202
197,200,201
197,200,202
197,201,202
197,472,473
197,472,478
197,473,478
198,199,200
198,199,201
198,199,202
198,200,201
198,200,202
198,201,202
198,212,489
199,200,201
199,200,202
199,201,202
200,201,202
203,204,205
203,204,206
203,204,208
203,205,206
203,208,211
204,205,206
204,206,212
204,208,212
204,212,218
204,212,227
207,208,209
207,208,210
207,208,211
207,208,212
207,209,210
207,211,212
208,209,210
208,211,212
208,427,428
208,428,512
208,428,646
208,512,646
211,212,213
211,212,214
211,212,215
211,212,216
211,213,214
211,213,215
211,214,215
211,244,383
211,383,608
211,608,715
212,213,214
212,213,215
212,214,215
213,214,215
217,218,219
217,218,220
217,218,221
217,218,222
217,218,223
217,218,297
217,218,494
217,218,834
217,218,836
217,219,220
217,219,221
217,219,222
217,220,221
217,220,222
217,221,222
217,297,400
217,297,836
217,400,836
217,493,494
218,219,220
218,219,221
218,219,222
218,220,221
218,220,222
218,221,222
218,297,401
218,297,830
218,297,836
218,389,401
218,401,825
218,830,834
219,220,221
219,220,222
219,221,222
220,221,222
223,224,225
223,233,234
226,227,228
226,227,229
226,227,230
226,227,231
226,227,472
226,227,483
226,228,229
226,228,230
226,229,230
226,231,438
226,231,483
226,438,472
226,438,488
226,488,548
227,228,229
227,228,230
227,229,230
227,230,232
227,231,232
227,231,234
227,231,422
227,231,483
227,232,234
227,232,418
227,232,422
227,234,422
227,234,483
227,418,422
227,418,469
227,472,473
227,608,609
228,229,230
231,232,233
231,232,234
231,232,422
231,232,479
231,233,234
231,233,422
231,233,483
231,234,422
231,234,483
231,438,455
231,454,455
231,454,479
231,479,483
232,233,234
232,233,422
232,234,422
232,418,422
232,422,423
233,234,422
233,234,483
233,421,422
233,472,473
233,472,478
233,473,478
233,478,483
233,732,733
233,732,828
234,245,269
234,269,344
234,369,660
235,236,237
235,236,238
235,237,238
235,732,734
236,237,238
236,238,245
236,238,332
236,245,247
236,245,269
236,245,829
236,269,401
236,269,829
236,332,336
236,332,404
236,401,829
238,320,328
238,332,335
238,406,407
239,240,241
239,240,242
239,240,243
239,241,242
239,241,243
239,242,243
240,241,242
240,241,243
240,242,243
241,242,243
244,245,246
244,245,247
244,246,247
244,349,383
244,349,767
244,349,807
244,417,505
244,493,505
244,493,767
244,852,853
245,246,247
245,269,829
245,310,829
248,249,250
251,252,253
251,252,255
251,255,256
252,254,255
252,269,274
252,269,825
252,269,829
252,269,837
252,274,825
252,274,829
252,825,829
252,825,837
252,829,837
254,255,256
254,255,257
254,255,258
254,255,259
254,255,260
254,255,310
254,256,257
254,256,258
254,256,259
254,256,260
254,256,310
254,257,258
254,257,259
254,257,260
254,258,259
254,258,260
254,259,260
255,256,257
255,256,258
255,256,259
255,256,260
255,256,310
255,257,258
255,257,259
255,257,260
255,258,259
255,258,260
255,259,260
256,257,258
256,257,259
256,257,260
256,258,259
256,258,260
256,259,260
256,269,401
257,258,259
257,258,260
257,259,260
258,259,260
261,262,263
261,262,264
261,262,265
261,262,266
261,262,267
261,263,264
261,263,265
261,263,266
261,263,267
261,264,265
261,264,266
261,264,267
261,265,266
261,265,267
261,266,267
262,263,264
262,263,265
262,263,266
262,263,267
262,264,265
262,264,266
262,264,267
262,265,266
262,265,267
262,266,267
263,264,265
263,264,266
263,264,267
263,265,266
263,265,267
263,265,274
263,266,267
264,265,266
264,265,267
264,266,267
265,266,267
265,269,274
266,321,322
268,269,270
268,269,271
268,269,272
268,269,273
268,269,274
268,269,297
268,269,298
268,269,400
268,269,608
268,269,825
268,270,271
268,270,272
268,270,274
268,271,272
268,271,274
268,273,274
268,273,297
268,273,298
268,273,836
268,273,838
268,274,297
268,274,298
268,274,825
268,274,836
268,293,331
268,293,400
268,297,298
268,297,400
268,297,836
268,298,400
268,331,337
268,400,825
268,400,836
268,608,612
268,608,836
268,824,825
268,824,836
268,824,838
268,825,838
268,836,838
269,270,271
269,270,272
269,270,274
269,270,299
269,271,272
269,271,274
269,273,274
269,273,297
269,273,298
269,274,297
269,274,298
269,274,299
269,274,322
269,274,825
269,274,829
269,297,298
269,297,299
269,297,400
269,297,401
269,297,837
269,298,299
269,298,400
269,298,829
269,298,837
269,299,400
269,299,825
269,299,829
269,400,401
269,400,825
269,400,829
269,400,837
269,401,825
269,401,829
269,401,837
269,825,829
269,825,837
269,829,837
270,271,272
270,271,274
270,274,299
270,274,328
273,274,275
273,274,276
273,274,297
273,274,298
273,274,830
273,274,836
273,275,276
273,297,298
273,297,830
273,297,836
273,830,838
273,836,838
274,275,276
274,277,298
274,277,825
274,297,298
274,297,299
274,297,830
274,297,836
274,298,299
274,298,829
274,299,825
274,299,829
274,322,328
274,825,829
279,280,281
279,280,282
279,280,283
279,280,284
279,280,285
279,280,286
279,280,287
279,280,288
279,280,289
279,280,290
279,280,291
279,280,292
279,281,282
279,281,283
279,281,284
279,281,285
279,281,286
279,281,287
279,281,288
279,281,289
279,281,290
279,281,291
279,281,292
279,282,283
279,282,284
279,282,285
279,282,286
279,282,287
279,282,288
279,282,289
279,282,290
279,282,291
279,282,292
279,283,284
279,283,285
279,283,286
279,283,287
279,283,288
279,283,289
279,283,290
279,283,291
279,283,292
279,284,285
279,284,286
279,284,287
279,284,288
279,284,289
279,284,290
279,284,291
279,284,292
279,285,286
279,285,287
279,285,288
279,285,289
279,285,290
279,285,291
279,285,292
279,286,287
279,286,288
279,286,289
279,286,290
279,286,291
279,286,292
279,287,288
279,287,289
279,287,290
279,287,291
279,287,292
279,288,289
279,288,290
279,288,291
279,288,292
279,289,290
279,289,291
279,289,292
279,290,291
279,290,292
279,291,292
280,281,282
280,281,283
280,281,284
280,281,285
280,281,286
280,281,287
280,281,288
280,281,289
280,281,290
280,281,291
280,281,292
280,282,283
280,282,284
280,282,285
280,282,286
280,282,287
280,282,288
280,282,289
280,282,290
280,282,291
280,282,292
280,283,284
280,283,285
280,283,286
280,283,287
280,283,288
280,283,289
280,283,290
280,283,291
280,283,292
280,284,285
280,284,286
280,284,287
280,284,288
280,284,289
280,284,290
280,284,291
280,284,292
280,285,286
280,285,287
280,285,288
280,285,289
280,285,290
280,285,291
280,285,292
280,286,287
280,286,288
280,286,289
280,286,290
280,286,291
280,286,292
280,287,288
280,287,289
280,287,290
280,287,291
280,287,292
280,288,289
280,288,290
280,288,291
280,288,292
280,289,290
280,289,291
280,289,292
280,290,291
280,290,292
280,291,292
281,282,283
281,282,284
281,282,285
281,282,286
281,282,287
281,282,288
281,282,289
281,282,290
281,282,291
281,282,292
281,283,284
281,283,285
281,283,286
281,283,287
281,283,288
281,283,289
281,283,290
281,283,291
281,283,292
281,284,285
281,284,286
281,284,287
281,284,288
281,284,289
281,284,290
281,284,291
281,284,292
281,285,286
281,285,287
281,285,288
281,285,289
281,285,290
281,285,291
281,285,292
281,286,287
281,286,288
281,286,289
281,286,290
281,286,291
281,286,292
281,287,288
281,287,289
281,287,290
281,287,291
281,287,292
281,288,289
281,288,290
281,288,291
281,288,292
281,289,290
281,289,291
281,289,292
281,290,291
281,290,292
281,291,292
282,283,284
282,283,285
282,283,286
282,283,287
282,283,288
282,283,289
282,283,290
282,283,291
282,283,292
282,284,285
282,284,286
282,284,287
282,284,288
282,284,289
282,284,290
282,284,291
282,284,292
282,285,286
282,285,287
282,285,288
282,285,289
282,285,290
282,285,291
282,285,292
282,286,287
282,286,288
282,286,289
282,286,290
282,286,291
282,286,292
282,287,288
282,287,289
282,287,290
282,287,291
282,287,292
282,288,289
282,288,290
282,288,291
282,288,292
282,289,290
282,289,291
282,289,292
282,290,291
282,290,292
282,291,292
283,284,285
283,284,286
283,284,287
283,284,288
283,284,289
283,284,290
283,284,291
283,284,292
283,285,286
283,285,287
283,285,288
283,285,289
283,285,290
283,285,291
283,285,292
283,286,287
283,286,288
283,286,289
283,286,290
283,286,291
283,286,292
283,287,288
283,287,289
283,287,290
283,287,291
283,287,292
283,288,289
283,288,290
283,288,291
283,288,292
283,289,290
283,289,291
283,289,292
283,290,291
283,290,292
283,291,292
284,285,286
284,285,287
284,285,288
284,285,289
284,285,290
284,285,291
284,285,292
284,286,287
284,286,288
284,286,289
284,286,290
284,286,291
284,286,292
284,287,288
284,287,289
284,287,290
284,287,291
284,287,292
284,288,289
284,288,290
284,288,291
284,288,292
284,289,290
284,289,291
284,289,292
284,290,291
284,290,292
284,291,292
285,286,287
285,286,288
285,286,289
285,286,290
285,286,291
285,286,292
285,287,288
285,287,289
285,287,290
285,287,291
285,287,292
285,288,289
285,288,290
285,288,291
285,288,292
285,289,290
285,289,291
285,289,292
285,290,291
285,290,292
285,291,292
286,287,288
286,287,289
286,287,290
286,287,291
286,287,292
286,288,289
286,288,290
286,288,291
286,288,292
286,289,290
286,289,291
286,289,292
286,290,291
286,290,292
286,291,292
287,288,289
287,288,290
287,288,291
287,288,292
287,289,290
287,289,291
287,289,292
287,290,291
287,290,292
287,291,292
288,289,290
288,289,291
288,289,292
288,290,291
288,290,292
288,291,292
289,290,291
289,290,292
289,291,292
290,291,292
293,294,295
293,294,296
293,295,296
293,331,414
294,295,296
294,326,328
297,298,299
297,298,300
297,298,301
297,298,400
297,298,828
297,298,837
297,299,300
297,299,301
297,299,400
297,299,828
297,300,301
297,302,836
297,400,401
297,400,828
297,400,836
297,400,837
297,401,828
297,401,837
297,828,830
297,836,837
298,299,300
298,299,301
298,299,400
298,299,700
298,299,828
298,299,829
298,300,301
298,400,828
298,400,829
298,400,837
298,700,705
298,700,706
298,700,828
298,705,706
298,828,829
298,829,837
299,300,301
299,400,825
299,400,828
299,400,829
299,700,828
299,825,828
299,825,829
299,825,838
299,828,829
302,303,304
302,303,305
302,303,306
302,304,305
302,304,306
302,305,306
303,304,305
303,304,306
303,305,306
304,305,306
307,308,309
307,308,821
310,311,312
310,311,313
310,312,313
310,347,821
310,347,825
310,347,829
310,741,742
310,825,829
311,312,313
314,315,316
317,318,319
317,318,320
317,318,322
317,318,328
317,319,320
317,320,328
317,321,322
317,321,325
317,322,325
317,322,326
317,322,328
317,325,326
317,325,328
317,326,328
318,319,320
318,320,328
318,322,328
321,322,323
321,322,324
321,322,325
321,323,324
322,323,324
322,325,326
322,325,328
322,326,328
325,326,327
325,326,328
325,326,329
325,326,330
325,326,379
325,327,328
325,327,329
325,327,330
325,328,329
325,328,330
325,329,330
325,379,732
326,327,328
326,327,329
326,327,330
326,328,329
326,328,330
326,328,338
326,329,330
327,328,329
327,328,330
327,329,330
328,329,330
328,331,383
331,332,333
331,332,334
331,332,335
331,332,336
331,332,337
331,332,404
331,333,334
331,333,335
331,333,336
331,334,335
331,334,336
331,335,336
331,337,493
331,379,383
331,379,384
331,379,561
331,383,384
331,383,561
331,384,414
331,384,561
331,384,585
331,404,405
331,404,406
331,405,406
331,561,585
332,333,334
332,333,335
332,333,336
332,334,335
332,334,336
332,335,336
333,334,335
333,334,336
333,335,336
334,335,336
337,338,339
337,338,340
337,338,341
337,338,342
337,339,340
337,339,341
337,339,342
337,340,341
337,340,342
337,341,342
337,343,344
337,493,667
338,339,340
338,339,341
338,339,342
338,340,341
338,340,342
338,341,342
339,340,341
339,340,342
339,341,342
340,341,342
343,344,345
343,344,346
343,345,346
344,345,346
347,349,353
347,349,354
347,353,354
347,825,829
349,350,351
349,350,352
349,350,353
349,350,354
349,351,352
349,351,353
349,351,354
349,352,353
349,352,354
349,353,354
349,383,567
349,634,809
349,767,770
349,803,807
349,803,809
350,351,352
350,351,353
350,351,354
350,352,353
350,352,354
350,353,354
350,825,829
351,352,353
351,352,354
351,353,354
352,353,354
355,356,357
355,356,358
355,357,358
355,696,705
356,357,358
356,374,582
356,384,582
356,697,706
359,360,361
359,360,362
359,360,363
359,361,362
359,361,363
359,362,363
360,361,362
360,361,363
360,362,363
361,362,363
364,365,366
364,365,367
364,365,369
364,366,367
364,369,373
365,366,367
365,369,374
368,369,370
368,369,371
368,369,372
368,369,373
368,370,371
368,370,372
368,371,372
369,370,371
369,370,372
369,371,372
369,373,374
369,659,660
369,667,668
369,819,829
370,371,372
373,374,375
373,374,376
373,374,377
373,374,378
373,375,376
373,375,377
373,375,378
373,376,377
373,376,378
373,377,378
373,392,705
373,608,705
373,608,715
373,608,776
373,715,776
374,375,376
374,375,377
374,375,378
374,376,377
374,376,378
374,377,378
374,574,582
374,574,804
374,582,804
375,376,377
375,376,378
375,377,378
376,377,378
379,380,381
379,380,382
379,380,514
379,381,382
379,383,384
379,383,514
379,383,561
379,383,573
379,383,581
379,384,561
379,514,522
379,514,574
379,522,573
379,522,574
379,561,573
379,573,574
379,573,581
379,574,581
379,732,785
379,765,785
380,381,382
383,384,385
383,384,386
383,384,387
383,384,412
383,384,518
383,384,561
383,384,567
383,384,589
383,385,386
383,385,387
383,386,387
383,386,581
383,468,608
383,514,567
383,514,589
383,518,561
383,518,573
383,518,581
383,561,567
383,561,573
383,561,589
383,573,581
383,573,589
384,385,386
384,385,387
384,386,387
384,412,413
384,412,414
384,413,414
384,518,561
384,518,582
384,561,567
384,561,585
384,561,589
384,582,585
385,386,387
388,389,390
388,389,391
388,389,401
388,390,391
389,390,391
389,401,405
392,393,394
392,393,395
392,393,396
392,393,397
392,393,398
392,393,399
392,393,678
392,394,395
392,394,396
392,394,397
392,394,398
392,394,399
392,395,396
392,395,397
392,395,398
392,395,399
392,396,397
392,396,398
392,396,399
392,397,398
392,397,399
392,398,399
392,678,705
393,394,395
393,394,396
393,394,397
393,394,398
393,394,399
393,395,396
393,395,397
393,395,398
393,395,399
393,396,397
393,396,398
393,396,399
393,397,398
393,397,399
393,398,399
393,400,401
393,401,405
393,412,414
393,414,465
393,483,484
393,678,679
393,678,732
394,395,396
394,395,397
394,395,398
394,395,399
394,396,397
394,396,398
394,396,399
394,397,398
394,397,399
394,398,399
395,396,397
395,396,398
395,396,399
395,397,398
395,397,399
395,398,399
396,397,398
396,397,399
396,398,399
397,398,399
400,401,402
400,401,403
400,401,825
400,401,828
400,401,829
400,401,837
400,402,403
400,825,828
400,825,829
400,825,837
400,828,829
400,829,837
400,836,837
401,402,403
401,825,828
401,825,829
401,825,837
401,825,838
401,828,829
401,829,837
401,837,838
404,405,406
404,405,407
404,405,608
404,406,407
404,608,678
404,608,715
404,733,736
405,406,407
408,409,410
408,409,411
408,409,647
408,410,411
409,410,411
409,647,648
412,413,414
412,413,415
412,413,416
412,414,415
412,414,416
412,415,416
413,414,415
413,414,416
413,415,416
414,415,416
417,418,419
417,418,420
417,418,421
417,418,427
417,418,468
417,419,420
417,420,468
417,421,427
417,421,505
417,421,507
417,468,470
417,468,608
417,468,700
417,468,798
417,505,507
417,505,529
417,507,529
417,529,608
417,529,700
417,608,798
418,419,420
418,420,428
418,420,468
418,421,422
418,421,427
418,422,428
418,422,506
418,422,624
418,427,428
418,427,494
418,428,494
418,468,469
418,469,506
418,494,538
418,538,624
421,422,423
421,422,424
421,422,425
421,422,426
421,422,456
421,423,424
421,423,425
421,423,426
421,424,425
421,424,426
421,425,426
421,427,464
421,453,456
421,453,457
421,453,464
421,453,465
421,456,457
421,456,465
421,464,465
421,505,507
422,423,424
422,423,425
422,423,426
422,424,425
422,424,426
422,425,426
422,506,508
423,424,425
423,424,426
423,425,426
424,425,426
427,428,433
427,428,493
427,428,494
427,433,464
427,493,494
427,493,647
427,493,667
427,751,752
428,493,494
428,512,646
429,430,431
429,430,432
429,431,432
430,431,432
433,434,435
433,434,436
433,434,437
433,434,464
433,434,465
433,434,492
433,435,436
433,435,437
433,435,488
433,436,437
433,437,492
433,438,439
433,438,464
433,438,488
433,439,479
433,439,488
433,439,492
433,464,465
433,464,468
433,464,492
433,464,623
433,465,468
433,468,479
433,468,809
433,488,492
434,435,436
434,435,437
434,436,437
434,436,489
434,437,492
434,454,464
434,464,465
434,464,492
434,465,489
434,465,624
434,489,492
434,489,624
434,492,624
434,502,648
435,436,437
438,439,440
438,439,441
438,439,459
438,439,473
438,439,488
438,440,441
438,455,459
438,455,464
438,455,472
438,455,478
438,455,488
438,455,537
438,459,473
438,464,472
438,472,473
438,472,478
438,473,478
439,440,441
439,443,489
439,459,460
439,459,473
439,460,479
439,460,489
439,460,492
439,488,489
439,488,492
439,489,492
442,443,444
442,443,445
442,443,446
442,443,447
442,443,448
442,444,445
442,444,446
442,444,447
442,444,448
442,444,457
442,445,446
442,445,447
442,445,448
442,445,457
442,446,447
442,446,448
442,447,448
442,453,454
442,453,455
442,453,457
442,453,464
442,454,455
442,454,457
442,454,464
442,455,457
442,455,464
443,444,445
443,444,446
443,444,447
443,444,448
443,445,446
443,445,447
443,445,448
443,446,447
443,446,448
443,447,448
444,445,446
444,445,447
444,445,448
444,445,457
444,446,447
444,446,448
444,447,448
445,446,447
445,446,448
445,447,448
446,447,448
449,450,451
449,450,452
449,451,452
450,451,452
453,454,455
453,454,456
453,454,457
453,454,458
453,454,464
453,454,479
453,454,537
453,455,456
453,455,457
453,455,458
453,455,464
453,455,537
453,456,457
453,456,458
453,456,465
453,456,537
453,456,544
453,457,458
453,457,537
453,457,544
453,464,465
454,455,456
454,455,457
454,455,458
454,455,459
454,455,464
454,455,537
454,456,457
454,456,458
454,456,460
454,456,537
454,457,458
454,457,460
454,457,537
454,459,460
454,459,473
454,460,479
455,456,457
455,456,458
455,456,537
455,457,458
455,457,537
455,464,472
455,464,492
455,472,478
455,488,492
456,457,458
456,457,460
456,457,537
456,457,544
457,474,475
459,460,461
459,460,462
459,460,463
459,461,462
459,461,463
459,462,463
460,461,462
460,461,463
460,462,463
460,489,492
461,462,463
464,465,466
464,465,467
464,465,468
464,465,472
464,466,467
464,468,472
465,466,467
465,468,472
465,468,473
465,468,737
465,472,473
465,489,624
468,469,470
468,469,471
468,470,471
468,472,473
468,472,478
468,472,479
468,473,478
468,478,479
468,608,798
468,608,828
468,700,828
468,737,828
468,798,809
469,470,471
472,473,474
472,473,475
472,473,476
472,473,477
472,473,478
472,473,485
472,474,475
472,474,476
472,474,477
472,475,476
472,475,477
472,476,477
472,478,479
472,478,761
472,505,507
473,474,475
473,474,476
473,474,477
473,475,476
473,475,477
473,476,477
473,506,508
474,475,476
474,475,477
474,476,477
475,476,477
478,479,480
478,479,481
478,479,482
478,479,483
478,479,484
478,480,481
478,480,482
478,480,483
478,480,484
478,481,482
478,481,483
478,481,484
478,482,483
478,482,484
478,483,484
479,480,481
479,480,482
479,480,483
479,480,484
479,481,482
479,481,483
479,481,484
479,482,483
479,482,484
479,483,484
480,481,482
480,481,483
480,481,484
480,482,483
480,482,484
480,483,484
481,482,483
481,482,484
481,483,484
482,483,484
485,486,487
488,489,490
488,489,491
488,489,492
488,490,491
488,490,492
488,491,492
489,490,491
489,490,492
489,491,492
489,492,624
490,491,492
493,494,495
493,494,496
493,494,497
493,494,498
493,494,499
493,494,500
493,495,496
493,495,497
493,495,498
493,495,499
493,495,500
493,496,497
493,496,498
493,496,499
493,496,500
493,497,498
493,497,499
493,497,500
493,498,499
493,498,500
493,499,500
493,501,507
493,505,507
493,645,647
493,645,648
493,647,648
494,495,496
494,495,497
494,495,498
494,495,499
494,495,500
494,496,497
494,496,498
494,496,499
494,496,500
494,497,498
494,497,499
494,497,500
494,498,499
494,498,500
494,499,500
494,499,706
494,697,706
495,496,497
495,496,498
495,496,499
495,496,500
495,497,498
495,497,499
495,497,500
495,498,499
495,498,500
495,499,500
496,497,498
496,497,499
496,497,500
496,498,499
496,498,500
496,499,500
497,498,499
497,498,500
497,499,500
498,499,500
501,502,503
501,502,504
501,502,507
501,503,504
501,507,529
502,503,504
505,506,507
505,506,508
505,506,509
505,506,510
505,506,530
505,507,508
505,507,509
505,507,510
505,507,529
505,508,509
505,508,510
505,508,529
505,508,530
505,509,510
505,529,530
505,529,531
505,529,532
505,530,531
505,530,532
505,531,532
506,507,508
506,507,509
506,507,510
506,508,509
506,508,510
506,508,530
506,509,510
507,508,509
507,508,510
507,508,529
507,509,510
507,529,548
508,509,510
508,529,530
512,646,648
512,646,857
513,514,515
513,514,516
513,514,517
513,515,516
513,515,517
513,516,517
514,515,516
514,515,517
514,516,517
514,519,574
514,522,567
514,522,574
514,522,586
514,522,589
514,525,562
514,525,586
514,562,567
514,562,574
514,562,586
514,562,589
514,567,574
514,574,586
514,574,589
515,516,517
518,519,520
518,519,574
518,520,581
518,530,561
518,530,562
518,561,562
518,561,573
518,562,574
518,573,574
518,573,581
518,573,582
518,574,581
518,574,582
518,581,582
520,521,577
520,521,581
520,577,581
521,522,523
521,522,573
521,524,531
521,524,562
521,529,531
521,529,573
521,531,573
521,531,577
521,562,577
521,573,577
521,573,581
521,577,581
522,567,574
522,573,574
522,573,589
522,574,586
522,574,589
524,525,526
524,525,527
524,525,528
524,525,562
524,526,527
524,526,528
524,527,528
524,531,561
524,561,562
525,526,527
525,526,528
525,527,528
525,530,532
525,530,562
525,532,562
525,562,586
526,527,528
529,530,531
529,530,532
529,530,533
529,530,534
529,530,535
529,530,536
529,530,561
529,531,532
529,531,533
529,531,534
529,531,535
529,531,536
529,531,561
529,531,573
529,532,533
529,532,534
529,532,535
529,532,536
529,533,534
529,533,535
529,533,536
529,534,535
529,534,536
529,535,536
529,537,548
529,537,623
529,544,548
529,544,715
529,561,573
529,608,623
529,608,715
530,531,532
530,531,533
530,531,534
530,531,535
530,531,536
530,531,561
530,532,533
530,532,534
530,532,535
530,532,536
530,532,562
530,533,534
530,533,535
530,533,536
530,534,535
530,534,536
530,535,536
530,561,562
530,562,570
531,532,533
531,532,534
531,532,535
531,532,536
531,533,534
531,533,535
531,533,536
531,534,535
531,534,536
531,535,536
531,556,634
531,561,573
531,561,577
531,573,577
531,647,706
532,533,534
532,533,535
532,533,536
532,534,535
532,534,536
532,535,536
532,562,574
533,534,535
533,534,536
533,535,536
534,535,536
537,538,539
537,538,540
537,538,541
537,538,542
537,538,543
537,539,540
537,539,541
537,539,542
537,539,543
537,540,541
537,540,542
537,540,543
537,541,542
537,541,543
537,542,543
538,539,540
538,539,541
538,539,542
538,539,543
538,540,541
538,540,542
538,540,543
538,541,542
538,541,543
538,542,543
538,549,557
538,549,648
539,540,541
539,540,542
539,540,543
539,541,542
539,541,543
539,542,543
540,541,542
540,541,543
540,542,543
541,542,543
544,545,546
544,545,547
544,545,549
544,546,547
544,548,549
545,546,547
548,549,550
548,549,551
548,549,552
548,549,553
548,549,554
548,549,555
548,549,557
548,549,559
548,550,551
548,550,552
548,550,553
548,550,554
548,550,555
548,551,552
548,551,553
548,551,554
548,551,555
548,552,553
548,552,554
548,552,555
548,553,554
548,553,555
548,554,555
548,554,559
548,555,557
548,556,557
548,556,559
548,557,559
549,550,551
549,550,552
549,550,553
549,550,554
549,550,555
549,551,552
549,551,553
549,551,554
549,551,555
549,552,553
549,552,554
549,552,555
549,553,554
549,553,555
549,554,555
549,554,559
549,555,557
549,557,559
549,557,635
549,559,635
549,635,648
550,551,552
550,551,553
550,551,554
550,551,555
550,552,553
550,552,554
550,552,555
550,553,554
550,553,555
550,554,555
551,552,553
551,552,554
551,552,555
551,553,554
551,553,555
551,554,555
552,553,554
552,553,555
552,554,555
553,554,555
556,557,558
556,557,559
556,557,560
556,557,634
556,558,559
556,558,560
556,559,560
556,634,645
557,558,559
557,558,560
557,559,560
557,559,635
557,627,634
557,634,635
557,634,640
558,559,560
559,629,635
561,562,563
561,562,564
561,562,565
561,562,566
561,562,567
561,562,568
561,562,577
561,562,585
561,562,589
561,563,564
561,563,565
561,563,566
561,563,567
561,563,568
561,564,565
561,564,566
561,564,567
561,564,568
561,565,566
561,565,567
561,565,568
561,566,567
561,566,568
561,567,568
561,568,655
561,573,577
561,573,585
561,573,589
561,577,585
561,577,589
562,563,564
562,563,565
562,563,566
562,563,567
562,563,568
562,564,565
562,564,566
562,564,567
562,564,568
562,565,566
562,565,567
562,565,568
562,566,567
562,566,568
562,567,568
562,567,574
562,570,574
562,570,586
562,574,586
562,574,589
562,577,585
562,577,589
562,585,586
562,586,592
562,589,592
563,564,565
563,564,566
563,564,567
563,564,568
563,565,566
563,565,567
563,565,568
563,566,567
563,566,568
563,567,568
564,565,566
564,565,567
564,565,568
564,566,567
564,566,568
564,567,568
565,566,567
565,566,568
565,567,568
566,567,568
569,570,571
569,570,572
569,571,572
570,571,572
570,574,586
573,574,575
573,574,576
573,574,581
573,574,582
573,574,589
573,575,576
573,577,581
573,577,585
573,577,589
573,581,582
573,581,585
573,582,585
574,575,576
574,578,582
574,578,586
574,581,582
574,581,586
574,582,586
574,582,804
574,586,804
577,578,579
577,578,580
577,579,580
577,581,585
578,579,580
578,582,586
581,582,583
581,582,584
581,582,585
581,582,586
581,583,584
581,585,586
582,583,584
582,585,586
582,585,804
582,586,592
582,586,804
585,586,587
585,586,588
585,586,804
585,587,588
586,587,588
589,590,591
589,590,592
589,590,593
589,590,594
589,590,595
589,590,596
589,590,597
589,590,598
589,590,599
589,590,600
589,590,601
589,591,592
589,591,593
589,591,594
589,591,595
589,591,596
589,591,597
589,591,598
589,591,599
589,591,600
589,591,601
589,592,593
589,592,594
589,592,595
589,592,596
589,592,597
589,592,598
589,592,599
589,592,600
589,592,601
589,593,594
589,593,595
589,593,596
589,593,597
589,593,598
589,593,599
589,593,600
589,593,601
589,594,595
589,594,596
589,594,597
589,594,598
589,594,599
589,594,600
589,594,601
589,595,596
589,595,597
589,595,598
589,595,599
589,595,600
589,595,601
589,596,597
589,596,598
589,596,599
589,596,600
589,596,601
589,597,598
589,597,599
589,597,600
589,597,601
589,598,599
589,598,600
589,598,601
589,599,600
589,599,601
589,600,601
590,591,592
590,591,593
590,591,594
590,591,595
590,591,596
590,591,597
590,591,598
590,591,599
590,591,600
590,591,601
590,592,593
590,592,594
590,592,595
590,592,596
590,592,597
590,592,598
590,592,599
590,592,600
590,592,601
590,593,594
590,593,595
590,593,596
590,593,597
590,593,598
590,593,599
590,593,600
590,593,601
590,594,595
590,594,596
590,594,597
590,594,598
590,594,599
590,594,600
590,594,601
590,595,596
590,595,597
590,595,598
590,595,599
590,595,600
590,595,601
590,596,597
590,596,598
590,596,599
590,596,600
590,596,601
590,597,598
590,597,599
590,597,600
590,597,601
590,598,599
590,598,600
590,598,601
590,599,600
590,599,601
590,600,601
591,592,593
591,592,594
591,592,595
591,592,596
591,592,597
591,592,598
591,592,599
591,592,600
591,592,601
591,593,594
591,593,595
591,593,596
591,593,597
591,593,598
591,593,599
591,593,600
591,593,601
591,594,595
591,594,596
591,594,597
591,594,598
591,594,599
591,594,600
591,594,601
591,595,596
591,595,597
591,595,598
591,595,599
591,595,600
591,595,601
591,596,597
591,596,598
591,596,599
591,596,600
591,596,601
591,597,598
591,597,599
591,597,600
591,597,601
591,598,599
591,598,600
591,598,601
591,599,600
591,599,601
591,600,601
592,593,594
592,593,595
592,593,596
592,593,597
592,593,598
592,593,599
592,593,600
592,593,601
592,594,595
592,594,596
592,594,597
592,594,598
592,594,599
592,594,600
592,594,601
592,595,596
592,595,597
592,595,598
592,595,599
592,595,600
592,595,601
592,596,597
592,596,598
592,596,599
592,596,600
592,596,601
592,597,598
592,597,599
592,597,600
592,597,601
592,598,599
592,598,600
592,598,601
592,599,600
592,599,601
592,600,601
593,594,595
593,594,596
593,594,597
593,594,598
593,594,599
593,594,600
593,594,601
593,595,596
593,595,597
593,595,598
593,595,599
593,595,600
593,595,601
593,596,597
593,596,598
593,596,599
593,596,600
593,596,601
593,597,598
593,597,599
593,597,600
593,597,601
593,598,599
593,598,600
593,598,601
593,599,600
593,599,601
593,600,601
594,595,596
594,595,597
594,595,598
594,595,599
594,595,600
594,595,601
594,596,597
594,596,598
594,596,599
594,596,600
594,596,601
594,597,598
594,597,599
594,597,600
594,597,601
594,598,599
594,598,600
594,598,601
594,599,600
594,599,601
594,600,601
595,596,597
595,596,598
595,596,599
595,596,600
595,596,601
595,597,598
595,597,599
595,597,600
595,597,601
595,598,599
595,598,600
595,598,601
595,599,600
595,599,601
595,600,601
596,597,598
596,597,599
596,597,600
596,597,601
596,598,599
596,598,600
596,598,601
596,599,600
596,599,601
596,600,601
597,598,599
597,598,600
597,598,601
597,599,600
597,599,601
597,600,601
598,599,600
598,599,601
598,600,601
599,600,601
602,603,604
602,603,605
602,603,606
602,603,607
602,604,605
602,604,606
602,604,607
602,605,606
602,605,607
602,606,607
603,604,605
603,604,606
603,604,607
603,605,606
603,605,607
603,606,607
603,697,706
604,605,606
604,605,607
604,606,607
605,606,607
608,609,610
608,609,611
608,609,612
608,609,613
608,609,614
608,609,615
608,609,616
608,609,617
608,609,618
608,609,619
608,609,620
608,609,621
608,609,622
608,609,705
608,610,611
608,610,612
608,610,613
608,610,614
608,610,615
608,610,616
608,610,617
608,610,618
608,610,619
608,610,620
608,610,621
608,610,622
608,611,612
608,611,613
608,611,614
608,611,615
608,611,616
608,611,617
608,611,618
608,611,619
608,611,620
608,611,621
608,611,622
608,612,613
608,612,614
608,612,615
608,612,616
608,612,617
608,612,618
608,612,619
608,612,620
608,612,621
608,612,622
608,612,678
608,612,705
608,613,614
608,613,615
608,613,616
608,613,617
608,613,618
608,613,619
608,613,620
608,613,621
608,613,622
608,614,615
608,614,616
608,614,617
608,614,618
608,614,619
608,614,620
608,614,621
608,614,622
608,615,616
608,615,617
608,615,618
608,615,619
608,615,620
608,615,621
608,615,622
608,616,617
608,616,618
608,616,619
608,616,620
608,616,621
608,616,622
608,616,803
608,617,618
608,617,619
608,617,620
608,617,621
608,617,622
608,618,619
608,618,620
608,618,621
608,618,622
608,619,620
608,619,621
608,619,622
608,620,621
608,620,622
608,621,622
608,654,705
608,678,705
608,678,732
608,709,715
608,709,755
608,715,755
608,715,765
608,715,776
608,715,798
608,715,803
608,715,828
608,732,776
608,732,828
608,741,755
608,741,765
608,741,828
608,741,836
608,765,776
608,765,798
608,765,803
608,776,798
608,776,803
608,798,803
609,610,611
609,610,612
609,610,613
609,610,614
609,610,615
609,610,616
609,610,617
609,610,618
609,610,619
609,610,620
609,610,621
609,610,622
609,611,612
609,611,613
609,611,614
609,611,615
609,611,616
609,611,617
609,611,618
609,611,619
609,611,620
609,611,621
609,611,622
609,612,613
609,612,614
609,612,615
609,612,616
609,612,617
609,612,618
609,612,619
609,612,620
609,612,621
609,612,622
609,612,697
609,612,705
609,613,614
609,613,615
609,613,616
609,613,617
609,613,618
609,613,619
609,613,620
609,613,621
609,613,622
609,613,706
609,614,615
609,614,616
609,614,617
609,614,618
609,614,619
609,614,620
609,614,621
609,614,622
609,615,616
609,615,617
609,615,618
609,615,619
609,615,620
609,615,621
609,615,622
609,616,617
609,616,618
609,616,619
609,616,620
609,616,621
609,616,622
609,617,618
609,617,619
609,617,620
609,617,621
609,617,622
609,618,619
609,618,620
609,618,621
609,618,622
609,619,620
609,619,621
609,619,622
609,620,621
609,620,622
609,621,622
609,697,705
609,697,706
609,705,706
609,742,837
610,611,612
610,611,613
610,611,614
610,611,615
610,611,616
610,611,617
610,611,618
610,611,619
610,611,620
610,611,621
610,611,622
610,612,613
610,612,614
610,612,615
610,612,616
610,612,617
610,612,618
610,612,619
610,612,620
610,612,621
610,612,622
610,613,614
610,613,615
610,613,616
610,613,617
610,613,618
610,613,619
610,613,620
610,613,621
610,613,622
610,614,615
610,614,616
610,614,617
610,614,618
610,614,619
610,614,620
610,614,621
610,614,622
610,615,616
610,615,617
610,615,618
610,615,619
610,615,620
610,615,621
610,615,622
610,616,617
610,616,618
610,616,619
610,616,620
610,616,621
610,616,622
610,617,618
610,617,619
610,617,620
610,617,621
610,617,622
610,618,619
610,618,620
610,618,621
610,618,622
610,619,620
610,619,621
610,619,622
610,620,621
610,620,622
610,621,622
611,612,613
611,612,614
611,612,615
611,612,616
611,612,617
611,612,618
611,612,619
611,612,620
611,612,621
611,612,622
611,613,614
611,613,615
611,613,616
611,613,617
611,613,618
611,613,619
611,613,620
611,613,621
611,613,622
611,614,615
611,614,616
611,614,617
611,614,618
611,614,619
611,614,620
611,614,621
611,614,622
611,615,616
611,615,617
611,615,618
611,615,619
611,615,620
611,615,621
611,615,622
611,616,617
611,616,618
611,616,619
611,616,620
611,616,621
611,616,622
611,617,618
611,617,619
611,617,620
611,617,621
611,617,622
611,618,619
611,618,620
611,618,621
611,618,622
611,619,620
611,619,621
611,619,622
611,620,621
611,620,622
611,621,622
612,613,614
612,613,615
612,613,616
612,613,617
612,613,618
612,613,619
612,613,620
612,613,621
612,613,622
612,614,615
612,614,616
612,614,617
612,614,618
612,614,619
612,614,620
612,614,621
612,614,622
612,615,616
612,615,617
612,615,618
612,615,619
612,615,620
612,615,621
612,615,622
612,616,617
612,616,618
612,616,619
612,616,620
612,616,621
612,616,622
612,617,618
612,617,619
612,617,620
612,617,621
612,617,622
612,618,619
612,618,620
612,618,621
612,618,622
612,619,620
612,619,621
612,619,622
612,620,621
612,620,622
612,621,622
612,678,705
612,697,705
613,614,615
613,614,616
613,614,617
613,614,618
613,614,619
613,614,620
613,614,621
613,614,622
613,615,616
613,615,617
613,615,618
613,615,619
613,615,620
613,615,621
613,615,622
613,616,617
613,616,618
613,616,619
613,616,620
613,616,621
613,616,622
613,617,618
613,617,619
613,617,620
613,617,621
613,617,622
613,618,619
613,618,620
613,618,621
613,618,622
613,619,620
613,619,621
613,619,622
613,620,621
613,620,622
613,621,622
614,615,616
614,615,617
614,615,618
614,615,619
614,615,620
614,615,621
614,615,622
614,616,617
614,616,618
614,616,619
614,616,620
614,616,621
614,616,622
614,617,618
614,617,619
614,617,620
614,617,621
614,617,622
614,618,619
614,618,620
614,618,621
614,618,622
614,619,620
614,619,621
614,619,622
614,620,621
614,620,622
614,621,622
615,616,617
615,616,618
615,616,619
615,616,620
615,616,621
615,616,622
615,617,618
615,617,619
615,617,620
615,617,621
615,617,622
615,618,619
615,618,620
615,618,621
615,618,622
615,619,620
615,619,621
615,619,622
615,620,621
615,620,622
615,621,622
616,617,618
616,617,619
616,617,620
616,617,621
616,617,622
616,618,619
616,618,620
616,618,621
616,618,622
616,619,620
616,619,621
616,619,622
616,620,621
616,620,622
616,621,622
617,618,619
617,618,620
617,618,621
617,618,622
617,619,620
617,619,621
617,619,622
617,620,621
617,620,622
617,621,622
618,619,620
618,619,621
618,619,622
618,620,621
618,620,622
618,621,622
619,620,621
619,620,622
619,621,622
620,621,622
623,624,625
623,624,626
623,624,634
623,625,626
623,634,640
624,625,626
624,634,635
624,634,641
624,635,641
627,628,629
627,628,630
627,628,631
627,628,632
627,628,633
627,629,630
627,629,631
627,629,632
627,629,633
627,630,631
627,630,632
627,630,633
627,631,632
627,631,633
627,632,633
628,629,630
628,629,631
628,629,632
628,629,633
628,630,631
628,630,632
628,630,633
628,631,632
628,631,633
628,632,633
628,645,646
629,630,631
629,630,632
629,630,633
629,631,632
629,631,633
629,632,633
630,631,632
630,631,633
630,632,633
631,632,633
634,635,636
634,635,637
634,635,638
634,635,639
634,635,641
634,636,637
634,636,638
634,636,639
634,637,638
634,637,639
634,638,639
634,638,809
634,640,641
634,645,646
635,636,637
635,636,638
635,636,639
635,637,638
635,637,639
635,638,639
636,637,638
636,637,639
636,638,639
637,638,639
638,751,752
640,641,642
640,641,643
640,641,644
640,642,643
640,642,644
640,643,644
641,642,643
641,642,644
641,643,644
642,643,644
645,646,647
645,646,648
645,646,649
645,646,650
645,646,651
645,646,652
645,646,653
645,646,857
645,647,648
645,647,649
645,647,650
645,647,651
645,647,652
645,647,653
645,647,857
645,648,649
645,648,650
645,648,651
645,648,652
645,648,653
645,649,650
645,649,651
645,649,652
645,649,653
645,650,651
645,650,652
645,650,653
645,651,652
645,651,653
645,652,653
645,795,798
646,647,648
646,647,649
646,647,650
646,647,651
646,647,652
646,647,653
646,647,857
646,648,649
646,648,650
646,648,651
646,648,652
646,648,653
646,649,650
646,649,651
646,649,652
646,649,653
646,650,651
646,650,652
646,650,653
646,651,652
646,651,653
646,652,653
647,648,649
647,648,650
647,648,651
647,648,652
647,648,653
647,648,700
647,648,706
647,649,650
647,649,651
647,649,652
647,649,653
647,650,651
647,650,652
647,650,653
647,651,652
647,651,653
647,652,653
647,700,706
647,818,821
647,857,858
648,649,650
648,649,651
648,649,652
648,649,653
648,650,651
648,650,652
648,650,653
648,651,652
648,651,653
648,652,653
648,697,701
648,697,706
648,700,701
648,700,706
648,701,706
648,859,860
649,650,651
649,650,652
649,650,653
649,651,652
649,651,653
649,652,653
650,651,652
650,651,653
650,652,653
651,652,653
654,655,656
654,655,657
654,655,658
654,655,659
654,656,657
654,656,658
654,657,658
655,656,657
655,656,658
655,657,658
655,659,660
656,657,658
659,660,661
659,660,662
659,661,662
660,661,662
663,664,665
663,664,666
663,665,666
664,665,666
667,668,669
667,668,670
667,669,670
668,669,670
671,672,673
671,672,674
671,672,675
671,672,676
671,672,677
671,673,674
671,673,675
671,673,676
671,673,677
671,673,709
671,674,675
671,674,676
671,674,677
671,675,676
671,675,677
671,676,677
671,709,715
671,709,755
671,715,755
671,741,755
672,673,674
672,673,675
672,673,676
672,673,677
672,674,675
672,674,676
672,674,677
672,674,679
672,675,676
672,675,677
672,676,677
673,674,675
673,674,676
673,674,677
673,675,676
673,675,677
673,676,677
673,709,712
674,675,676
674,675,677
674,676,677
674,678,679
675,676,677
678,679,680
678,679,681
678,679,781
678,679,782
678,680,681
678,680,705
678,689,696
678,689,705
678,696,705
678,732,781
678,767,781
678,781,782
679,680,681
679,690,697
679,697,706
679,697,766
679,766,781
679,781,782
682,683,684
682,683,685
682,683,686
682,683,687
682,683,688
682,683,710
682,684,685
682,684,686
682,684,687
682,684,688
682,685,686
682,685,687
682,685,688
682,686,687
682,686,688
682,687,688
682,688,709
682,709,710
683,684,685
683,684,686
683,684,687
683,684,688
683,685,686
683,685,687
683,685,688
683,686,687
683,686,688
683,687,688
684,685,686
684,685,687
684,685,688
684,686,687
684,686,688
684,687,688
685,686,687
685,686,688
685,687,688
686,687,688
689,690,691
689,690,692
689,690,693
689,690,694
689,690,695
689,690,696
689,690,697
689,691,692
689,691,693
689,691,694
689,691,695
689,692,693
689,692,694
689,692,695
689,693,694
689,693,695
689,694,695
689,696,697
689,696,705
689,697,705
690,691,692
690,691,693
690,691,694
690,691,695
690,692,693
690,692,694
690,692,695
690,693,694
690,693,695
690,694,695
690,696,697
691,692,693
691,692,694
691,692,695
691,693,694
691,693,695
691,694,695
692,693,694
692,693,695
692,694,695
693,694,695
696,697,698
696,697,699
696,697,705
696,697,706
696,698,699
696,705,706
697,698,699
697,701,705
697,701,706
697,705,706
697,736,766
700,701,702
700,701,703
700,701,704
700,701,705
700,701,706
700,702,703
700,702,704
700,703,704
700,705,706
701,702,703
701,702,704
701,703,704
701,705,706
701,706,734
702,703,704
705,706,707
705,706,708
705,707,708
706,707,708
709,710,711
709,710,712
709,710,713
709,710,714
709,710,716
709,710,751
709,710,761
709,711,712
709,711,713
709,711,714
709,711,752
709,712,713
709,712,714
709,712,715
709,712,716
709,712,718
709,712,720
709,713,714
709,715,716
709,715,718
709,715,720
709,715,751
709,715,752
709,715,755
709,715,761
709,716,718
709,716,751
709,716,761
709,718,761
709,751,752
709,751,761
709,752,761
709,755,761
710,711,712
710,711,713
710,711,714
710,711,721
710,712,713
710,712,714
710,712,716
710,712,721
710,712,729
710,712,756
710,712,762
710,713,714
710,716,727
710,716,751
710,716,761
710,716,789
710,721,728
710,721,729
710,721,799
710,727,728
710,727,729
710,728,729
710,728,786
710,751,761
710,761,762
710,786,789
710,789,799
711,712,713
711,712,714
711,712,721
711,713,714
711,721,782
712,713,714
712,715,716
712,715,717
712,715,718
712,715,720
712,716,717
712,716,718
712,716,763
712,717,718
712,718,721
712,718,729
712,718,756
712,720,721
712,721,729
712,762,763
715,716,717
715,716,718
715,716,719
715,716,751
715,716,761
715,716,782
715,717,718
715,717,719
715,718,719
715,718,761
715,718,782
715,720,767
715,720,781
715,734,765
715,734,776
715,734,781
715,734,785
715,734,786
715,751,752
715,751,761
715,752,761
715,755,761
715,765,767
715,765,776
715,765,781
715,765,782
715,765,785
715,765,786
715,765,795
715,765,798
715,765,803
715,767,776
715,767,781
715,767,785
715,767,795
715,776,781
715,776,782
715,776,785
715,776,786
715,776,795
715,776,798
715,776,803
715,781,782
715,781,785
715,781,786
715,781,803
715,781,815
715,782,798
715,785,786
715,785,795
715,785,798
715,785,803
715,785,815
715,786,798
715,795,798
715,795,803
715,798,803
715,803,804
715,803,815
716,717,718
716,717,719
716,718,719
716,718,761
716,718,782
716,725,727
716,727,782
716,751,761
716,761,763
716,766,777
716,766,789
716,782,789
717,718,719
718,721,729
718,721,782
718,729,782
720,721,722
720,721,723
720,721,724
720,721,725
720,721,781
720,722,723
720,722,724
720,722,725
720,723,724
720,723,725
720,724,725
720,767,781
721,722,723
721,722,724
721,722,725
721,723,724
721,723,725
721,724,725
721,728,729
721,728,781
721,728,782
721,729,766
721,729,777
721,729,781
721,729,782
721,733,736
721,733,766
721,733,777
721,736,766
721,736,777
721,766,777
721,766,781
721,766,799
721,777,781
721,777,799
721,781,782
721,782,799
722,723,724
722,723,725
722,724,725
723,724,725
726,727,728
726,727,729
726,727,730
726,727,731
726,728,729
726,728,730
726,728,731
726,728,781
726,728,784
726,729,730
726,729,731
726,729,781
726,730,731
726,771,781
726,781,784
727,728,729
727,728,730
727,728,731
727,728,782
727,729,730
727,729,731
727,729,772
727,729,782
727,730,731
728,729,730
728,729,731
728,729,781
728,729,782
728,730,731
728,732,734
728,732,781
728,732,785
728,734,781
728,734,785
728,734,786
728,781,782
728,781,784
728,781,785
728,781,786
728,781,803
728,782,784
728,785,786
728,785,803
728,803,804
729,730,731
729,766,777
729,766,781
729,777,781
729,781,782
732,733,734
732,733,735
732,733,736
732,734,735
732,734,736
732,734,776
732,734,781
732,734,785
732,735,736
732,737,828
732,747,828
732,776,781
732,776,785
732,776,795
732,781,785
732,785,795
733,734,735
733,734,736
733,735,736
733,736,766
733,736,772
733,736,777
733,736,796
733,766,777
733,777,796
734,735,736
734,765,771
734,765,776
734,765,781
734,765,785
734,765,786
734,771,776
734,771,781
734,776,781
734,776,785
734,776,786
734,781,785
734,781,786
734,785,786
736,766,777
736,777,796
737,738,739
737,738,740
737,738,742
737,739,740
737,741,742
737,741,765
737,741,828
737,741,836
737,751,752
738,739,740
738,742,837
741,742,743
741,742,744
741,742,745
741,742,746
741,742,747
741,743,744
741,743,745
741,743,746
741,744,745
741,744,746
741,745,746
741,747,765
741,747,828
741,747,836
741,755,759
742,743,744
742,743,745
742,743,746
742,744,745
742,744,746
742,745,746
742,747,748
743,744,745
743,744,746
743,745,746
744,745,746
747,748,749
747,748,750
747,749,750
748,749,750
751,752,753
751,752,754
751,752,761
751,753,754
752,753,754
755,756,757
755,756,758
755,756,759
755,756,760
755,757,758
755,757,759
755,757,760
755,758,759
755,758,760
755,759,760
756,757,758
756,757,759
756,757,760
756,758,759
756,758,760
756,759,760
757,758,759
757,758,760
757,759,760
758,759,760
761,762,763
761,762,764
761,763,764
762,763,764
765,766,767
765,766,768
765,766,769
765,766,770
765,766,771
765,766,776
765,766,777
765,766,781
765,766,789
765,767,768
765,767,769
765,767,770
765,767,771
765,767,776
765,767,781
765,767,785
765,767,789
765,767,795
765,768,769
765,768,770
765,769,770
765,771,776
765,771,777
765,771,781
765,771,782
765,776,777
765,776,781
765,776,782
765,776,785
765,776,786
765,776,795
765,776,798
765,776,803
765,777,781
765,781,782
765,781,785
765,781,786
765,781,803
765,782,789
765,782,798
765,785,786
765,785,789
765,785,795
765,785,798
765,785,803
765,786,789
765,786,798
765,789,798
765,795,798
765,795,803
765,798,803
766,767,768
766,767,769
766,767,770
766,767,771
766,767,776
766,767,781
766,767,789
766,768,769
766,768,770
766,769,770
766,771,776
766,771,777
766,771,781
766,776,777
766,776,781
766,777,781
766,777,799
766,789,799
766,789,804
766,799,804
767,768,769
767,768,770
767,769,770
767,771,776
767,771,781
767,776,781
767,776,785
767,776,795
767,781,785
767,785,789
767,785,795
768,769,770
771,772,773
771,772,774
771,772,775
771,773,774
771,773,775
771,774,775
771,776,777
771,776,781
771,776,782
771,777,781
771,781,782
772,773,774
772,773,775
772,774,775
773,774,775
776,777,778
776,777,779
776,777,780
776,777,781
776,778,779
776,778,780
776,779,780
776,781,782
776,781,785
776,781,786
776,781,803
776,782,798
776,785,786
776,785,795
776,785,798
776,785,803
776,786,798
776,795,798
776,795,803
776,798,803
777,778,779
777,778,780
777,779,780
777,796,799
777,799,829
778,779,780
781,782,783
781,782,784
781,783,784
781,785,786
781,785,803
781,785,814
781,785,815
781,803,809
781,803,814
781,803,815
781,809,814
781,809,815
781,814,815
782,783,784
782,789,798
782,789,799
782,798,799
785,786,787
785,786,788
785,786,789
785,786,790
785,786,798
785,787,788
785,789,790
785,789,798
785,789,815
785,795,798
785,795,803
785,795,814
785,798,803
785,798,814
785,803,814
785,803,815
785,814,815
786,787,788
786,789,790
786,789,798
789,790,791
789,798,799
789,798,809
789,799,804
789,809,815
792,793,794
795,796,797
795,796,798
795,796,799
795,798,799
795,798,803
795,798,809
795,798,814
795,803,809
795,803,814
795,809,814
796,798,799
798,799,800
798,799,801
798,799,802
798,800,801
798,800,802
798,801,802
798,803,809
798,803,814
798,809,814
799,800,801
799,800,802
799,801,802
800,801,802
803,804,805
803,804,806
803,805,806
803,809,814
803,809,815
803,814,815
803,814,818
803,815,818
804,805,806
809,810,811
809,810,812
809,810,813
809,811,812
809,811,813
809,812,813
809,814,815
809,814,821
810,811,812
810,811,813
810,812,813
811,812,813
814,815,816
814,815,817
814,815,818
814,816,817
814,818,821
815,816,817
818,819,820
821,822,823
821,824,828
824,825,826
824,825,827
824,825,828
824,825,829
824,825,837
824,825,838
824,826,827
824,826,828
824,826,829
824,827,828
824,827,829
824,828,829
824,829,837
824,836,837
824,836,838
824,837,838
825,826,827
825,826,828
825,826,829
825,827,828
825,827,829
825,828,829
825,829,837
825,837,838
826,827,828
826,827,829
826,828,829
827,828,829
830,831,832
830,831,833
830,831,834
830,831,835
830,831,838
830,832,833
830,832,834
830,832,835
830,833,834
830,833,835
830,834,835
831,832,833
831,832,834
831,832,835
831,833,834
831,833,835
831,834,835
832,833,834
832,833,835
832,834,835
833,834,835
836,837,838
836,837,839
836,837,840
836,838,839
836,838,840
836,839,840
837,838,839
837,838,840
837,839,840
838,839,840
841,842,843
841,842,844
841,842,845
841,843,844
841,843,845
841,844,845
841,846,847
841,852,853
842,843,844
842,843,845
842,844,845
843,844,845
846,847,848
846,847,849
846,847,850
846,847,851
846,848,849
846,848,850
846,848,851
846,849,850
846,849,851
846,850,851
847,848,849
847,848,850
847,848,851
847,849,850
847,849,851
847,850,851
848,849,850
848,849,851
848,850,851
849,850,851
850,852,853
852,853,854
852,853,855
852,853,856
852,854,855
852,854,856
852,855,856
853,854,855
853,854,856
853,855,856
854,855,856
857,858,859
857,858,860
857,858,861
857,858,862
857,858,863
857,859,860
857,859,861
857,859,862
857,859,863
857,860,861
857,860,862
857,860,863
857,861,862
857,861,863
857,862,863
858,859,860
858,859,861
858,859,862
858,859,863
858,860,861
858,860,862
858,860,863
858,861,862
858,861,863
858,862,863
859,860,861
859,860,862
859,860,863
859,861,862
859,861,863
859,862,863
860,861,862
860,861,863
860,862,863
861,862,863
