node_1,node_2,node_3
1,2,3
1,2,4
1,2,5
1,2,6
1,2,7
1,2,8
1,2,9
1,2,10
1,3,4
1,3,5
1,3,6
1,3,7
1,3,8
1,3,9
1,3,10
1,4,5
1,4,6
1,4,7
1,4,8
1,4,9
1,4,10
1,5,6
1,5,7
1,5,8
1,5,9
1,5,10
1,6,7
1,6,8
1,6,9
1,6,10
1,7,8
1,7,9
1,7,10
1,8,9
1,8,10
1,9,10
2,3,4
2,3,5
2,3,6
2,3,7
2,3,8
2,3,9
2,3,10
2,4,5
2,4,6
2,4,7
2,4,8
2,4,9
2,4,10
2,5,6
2,5,7
2,5,8
2,5,9
2,5,10
2,6,7
2,6,8
2,6,9
2,6,10
2,7,8
2,7,9
2,7,10
2,8,9
2,8,10
2,9,10
3,4,5
3,4,6
3,4,7
3,4,8
3,4,9
3,4,10
3,5,6
3,5,7
3,5,8
3,5,9
3,5,10
3,6,7
3,6,8
3,6,9
3,6,10
3,7,8
3,7,9
3,7,10
3,8,9
3,8,10
3,9,10
4,5,6
4,5,7
4,5,8
4,5,9
4,5,10
4,6,7
4,6,8
4,6,9
4,6,10
4,7,8
4,7,9
4,7,10
4,8,9
4,8,10
4,9,10
5,6,7
5,6,8
5,6,9
5,6,10
5,7,8
5,7,9
5,7,10
5,8,9
5,8,10
5,9,10
6,7,8
6,7,9
6,7,10
6,8,9
6,8,10
6,9,10
7,8,9
7,8,10
7,9,10
8,9,10
11,12,13
11,12,14
11,12,18
11,13,14
11,15,17
11,15,18
11,15,22
11,15,23
11,17,18
11,17,22
11,17,23
11,18,22
11,18,23
11,22,23
12,13,14
12,16,18
15,16,17
15,16,18
15,16,19
15,16,20
15,16,21
15,16,22
15,16,23
15,16,24
15,17,18
15,17,19
15,17,20
15,17,21
15,17,22
15,17,23
15,17,24
15,17,25
15,18,19
15,18,20
15,18,21
15,18,22
15,18,23
15,18,24
15,19,20
15,19,21
15,19,22
15,19,23
15,19,24
15,20,21
15,20,22
15,20,23
15,20,24
15,21,22
15,21,23
15,21,24
15,22,23
15,22,24
15,23,24
16,17,18
16,17,19
16,17,20
16,17,21
16,17,22
16,17,23
16,17,24
16,17,37
16,18,19
16,18,20
16,18,21
16,18,22
16,18,23
16,18,24
16,18,26
16,18,31
16,18,35
16,19,20
16,19,21
16,19,22
16,19,23
16,19,24
16,20,21
16,20,22
16,20,23
16,20,24
16,21,22
16,21,23
16,21,24
16,22,23
16,22,24
16,23,24
16,23,26
16,23,31
16,31,35
17,18,19
17,18,20
17,18,21
17,18,22
17,18,23
17,18,24
17,19,20
17,19,21
17,19,22
17,19,23
17,19,24
17,20,21
17,20,22
17,20,23
17,20,24
17,21,22
17,21,23
17,21,24
17,22,23
17,22,24
17,23,24
18,19,20
18,19,21
18,19,22
18,19,23
18,19,24
18,20,21
18,20,22
18,20,23
18,20,24
18,21,22
18,21,23
18,21,24
18,22,23
18,22,24
18,22,30
18,23,24
18,23,26
18,23,30
18,23,31
18,30,31
18,30,35
18,31,35
19,20,21
19,20,22
19,20,23
19,20,24
19,21,22
19,21,23
19,21,24
19,22,23
19,22,24
19,23,24
20,21,22
20,21,23
20,21,24
20,22,23
20,22,24
20,23,24
21,22,23
21,22,24
21,23,24
22,23,24
22,23,30
23,30,31
25,26,27
25,26,28
25,26,29
25,27,28
25,27,29
25,28,29
26,27,28
26,27,29
26,28,29
27,28,29
30,31,32
30,31,33
30,31,34
30,31,35
30,31,36
30,32,33
30,32,34
30,32,35
30,32,36
30,33,34
30,33,35
30,33,36
30,34,35
30,34,36
30,35,36
31,32,33
31,32,34
31,32,35
31,32,36
31,33,34
31,33,35
31,33,36
31,34,35
31,34,36
31,35,36
32,33,34
32,33,35
32,33,36
32,34,35
32,34,36
32,35,36
33,34,35
33,34,36
33,35,36
34,35,36
37,38,39
37,38,40
37,38,41
37,38,42
37,39,40
37,39,41
37,39,42
37,40,41
37,40,42
37,41,42
38,39,40
38,39,41
38,39,42
38,40,41
38,40,42
38,41,42
38,44,49
38,44,55
38,49,55
39,40,41
39,40,42
39,41,42
40,41,42
43,44,45
43,44,46
43,44,49
43,44,54
43,45,48
43,46,47
43,46,48
43,46,49
43,46,54
43,47,48
43,47,49
43,47,54
43,48,49
43,48,54
43,49,54
44,46,49
44,46,54
44,49,54
44,49,55
44,54,55
46,47,48
46,47,49
46,47,50
46,47,51
46,47,52
46,47,53
46,47,54
46,48,49
46,48,50
46,48,51
46,48,52
46,48,53
46,48,54
46,49,50
46,49,51
46,49,52
46,49,53
46,49,54
46,50,51
46,50,52
46,50,53
46,51,52
46,51,53
46,52,53
47,48,49
47,48,50
47,48,51
47,48,52
47,48,53
47,48,54
47,49,50
47,49,51
47,49,52
47,49,53
47,49,54
47,50,51
47,50,52
47,50,53
47,51,52
47,51,53
47,52,53
48,49,50
48,49,51
48,49,52
48,49,53
48,49,54
48,50,51
48,50,52
48,50,53
48,51,52
48,51,53
48,52,53
49,50,51
49,50,52
49,50,53
49,51,52
49,51,53
49,52,53
49,54,55
50,51,52
50,51,53
50,52,53
51,52,53
54,55,56
54,55,57
54,55,58
54,55,59
54,56,57
54,56,58
54,56,59
54,57,58
54,57,59
54,58,59
55,56,57
55,56,58
55,56,59
55,57,58
55,57,59
55,58,59
56,57,58
56,57,59
56,58,59
57,58,59
60,61,62
60,61,63
60,62,63
61,62,63
64,65,66
64,65,67
64,66,67
65,66,67
65,71,72
70,71,72
70,71,73
70,71,74
70,71,75
70,71,92
70,72,73
70,72,74
70,72,75
70,73,74
70,73,75
70,74,75
71,72,73
71,72,74
71,72,75
71,72,78
71,72,93
71,73,74
71,73,75
71,74,75
71,92,93
72,73,74
72,73,75
72,74,75
73,74,75
76,77,78
76,77,79
76,77,80
76,78,79
76,78,80
76,79,80
76,108,110
77,78,79
77,78,80
77,79,80
78,79,80
81,82,83
81,82,84
81,82,85
81,82,95
81,83,84
81,83,85
81,84,85
81,92,94
81,92,95
81,94,95
82,83,84
82,83,85
82,84,85
83,84,85
86,87,88
86,87,89
86,87,90
86,87,91
86,88,89
86,88,90
86,88,91
86,89,90
86,89,91
86,90,91
87,88,89
87,88,90
87,88,91
87,89,90
87,89,91
87,90,91
88,89,90
88,89,91
88,90,91
89,90,91
92,93,94
92,93,95
92,93,96
92,93,97
92,93,98
92,93,99
92,94,95
92,94,96
92,94,97
92,94,98
92,94,99
92,95,96
92,95,97
92,95,98
92,95,99
92,96,97
92,96,98
92,96,99
92,97,98
92,97,99
92,98,99
93,94,95
93,94,96
93,94,97
93,94,98
93,94,99
93,95,96
93,95,97
93,95,98
93,95,99
93,96,97
93,96,98
93,96,99
93,97,98
93,97,99
93,98,99
94,95,96
94,95,97
94,95,98
94,95,99
94,96,97
94,96,98
94,96,99
94,97,98
94,97,99
94,98,99
95,96,97
95,96,98
95,96,99
95,97,98
95,97,99
95,98,99
96,97,98
96,97,99
96,98,99
97,98,99
100,101,102
100,101,103
100,101,104
100,101,105
100,101,106
100,101,107
100,101,109
100,102,103
100,102,104
100,102,105
100,102,106
100,102,107
100,103,104
100,103,105
100,103,106
100,103,107
100,104,105
100,104,106
100,104,107
100,105,106
100,105,107
100,106,107
101,102,103
101,102,104
101,102,105
101,102,106
101,102,107
101,103,104
101,103,105
101,103,106
101,103,107
101,104,105
101,104,106
101,104,107
101,105,106
101,105,107
101,106,107
101,108,109
101,108,110
101,109,110
102,103,104
102,103,105
102,103,106
102,103,107
102,104,105
102,104,106
102,104,107
102,105,106
102,105,107
102,106,107
103,104,105
103,104,106
103,104,107
103,105,106
103,105,107
103,106,107
104,105,106
104,105,107
104,106,107
105,106,107
108,109,110
111,112,113
111,112,114
111,112,115
111,113,114
111,113,115
111,114,115
112,113,114
112,113,115
112,114,115
113,114,115
116,117,118
116,117,119
116,117,120
116,117,121
116,117,122
116,117,123
116,117,124
116,118,119
116,118,120
116,118,121
116,118,122
116,119,120
116,119,121
116,119,122
116,120,121
116,120,122
116,121,122
116,123,124
117,118,119
117,118,120
117,118,121
117,118,122
117,119,120
117,119,121
117,119,122
117,120,121
117,120,122
117,121,122
117,123,124
117,123,135
117,124,130
117,124,135
117,130,135
118,119,120
118,119,121
118,119,122
118,120,121
118,120,122
118,121,122
119,120,121
119,120,122
119,121,122
120,121,122
123,124,125
123,124,126
123,124,127
123,124,135
123,125,126
123,125,127
123,126,127
123,128,134
123,134,135
124,125,126
124,125,127
124,126,127
124,129,130
124,129,135
124,130,135
125,126,127
128,129,130
129,130,135
131,132,133
136,137,138
136,137,139
136,138,139
137,138,139
140,141,142
140,141,143
140,142,143
141,142,143
144,145,146
144,145,147
144,146,147
145,146,147
148,149,150
148,149,151
148,149,152
148,149,153
148,150,151
148,150,152
148,150,153
148,151,152
148,151,153
148,152,153
149,150,151
149,150,152
149,150,153
149,151,152
149,151,153
149,152,153
150,151,152
150,151,153
150,152,153
151,152,153
154,155,156
154,155,157
154,155,171
154,157,159
154,157,171
155,156,160
155,157,158
155,157,160
155,157,171
155,158,160
157,158,159
157,158,160
157,158,161
157,158,162
157,158,163
157,158,164
157,158,165
157,158,172
157,158,186
157,158,187
157,159,160
157,159,161
157,159,162
157,159,163
157,159,164
157,159,165
157,159,168
157,160,161
157,160,162
157,160,163
157,160,164
157,160,165
157,160,169
157,160,170
157,160,172
157,161,162
157,161,163
157,161,164
157,161,165
157,162,163
157,162,164
157,162,165
157,163,164
157,163,165
157,164,165
157,164,172
157,168,169
157,168,170
157,169,170
157,171,172
157,171,186
157,171,187
157,172,187
157,186,187
158,159,160
158,159,161
158,159,162
158,159,163
158,159,164
158,159,165
158,160,161
158,160,162
158,160,163
158,160,164
158,160,165
158,160,172
158,161,162
158,161,163
158,161,164
158,161,165
158,162,163
158,162,164
158,162,165
158,163,164
158,163,165
158,164,165
158,164,172
158,172,187
158,186,187
158,186,189
158,187,189
158,187,193
159,160,161
159,160,162
159,160,163
159,160,164
159,160,165
159,161,162
159,161,163
159,161,164
159,161,165
159,162,163
159,162,164
159,162,165
159,163,164
159,163,165
159,164,165
160,161,162
160,161,163
160,161,164
160,161,165
160,162,163
160,162,164
160,162,165
160,163,164
160,163,165
160,164,165
160,164,172
160,169,170
161,162,163
161,162,164
161,162,165
161,163,164
161,163,165
161,164,165
162,163,164
162,163,165
162,164,165
163,164,165
166,167,168
166,167,169
166,167,170
166,168,169
166,168,170
166,169,170
167,168,169
167,168,170
167,169,170
168,169,170
168,169,188
171,172,173
171,172,187
171,186,187
171,186,188
171,187,188
174,175,176
174,175,177
174,175,178
174,175,179
174,175,180
174,175,181
174,176,177
174,176,178
174,176,179
174,176,180
174,176,181
174,177,178
174,177,179
174,177,180
174,177,181
174,178,179
174,178,180
174,178,181
174,179,180
174,179,181
174,180,181
175,176,177
175,176,178
175,176,179
175,176,180
175,176,181
175,177,178
175,177,179
175,177,180
175,177,181
175,178,179
175,178,180
175,178,181
175,179,180
175,179,181
175,180,181
176,177,178
176,177,179
176,177,180
176,177,181
176,178,179
176,178,180
176,178,181
176,179,180
176,179,181
176,180,181
177,178,179
177,178,180
177,178,181
177,179,180
177,179,181
177,180,181
178,179,180
178,179,181
178,180,181
179,180,181
182,183,184
182,183,185
182,184,185
183,184,185
183,187,193
183,187,201
183,193,201
186,187,188
186,187,189
186,187,190
186,187,191
186,188,189
186,188,190
186,188,191
186,189,190
186,189,191
186,190,191
186,192,200
186,195,200
187,188,189
187,188,190
187,188,191
187,189,190
187,189,191
187,190,191
187,193,201
188,189,190
188,189,191
188,190,191
189,190,191
192,193,194
192,193,196
192,196,200
193,196,201
195,196,197
195,196,198
195,196,199
195,196,200
195,196,201
195,197,198
195,197,199
195,198,199
195,200,201
196,197,198
196,197,199
196,198,199
196,200,201
197,198,199
200,201,202
200,201,203
200,201,204
200,202,203
200,202,204
200,203,204
201,202,203
201,202,204
201,203,204
202,203,204
205,206,207
205,206,208
205,206,209
205,206,210
205,206,211
205,206,212
205,206,216
205,206,222
205,206,223
205,206,253
205,207,208
205,207,209
205,207,210
205,207,215
205,208,209
205,208,210
205,208,211
205,208,216
205,209,210
205,210,211
205,210,212
205,210,224
205,211,212
205,211,215
205,211,216
205,211,222
205,211,223
205,212,215
205,212,216
205,215,216
205,215,222
205,215,223
205,216,222
205,216,253
205,222,223
205,222,224
205,222,252
205,222,253
205,223,224
205,223,252
205,223,253
205,252,253
206,207,208
206,207,209
206,207,210
206,208,209
206,208,210
206,208,211
206,208,216
206,209,210
206,210,211
206,210,212
206,211,212
206,211,216
206,211,222
206,211,223
206,212,216
206,216,222
206,216,253
206,222,223
206,222,253
206,223,253
207,208,209
207,208,210
207,209,210
208,209,210
208,210,211
208,211,216
210,211,212
211,212,213
211,212,214
211,212,215
211,212,216
211,212,227
211,213,214
211,214,216
211,215,216
211,215,222
211,215,223
211,216,222
211,222,223
211,222,227
211,222,247
211,223,227
211,227,247
212,213,214
212,214,216
212,215,216
215,216,217
215,216,222
215,222,223
216,222,253
218,219,220
218,219,221
218,220,221
219,220,221
222,223,224
222,223,225
222,223,226
222,223,227
222,223,228
222,223,231
222,223,233
222,223,241
222,223,248
222,223,252
222,223,253
222,224,225
222,224,226
222,224,227
222,224,228
222,224,231
222,224,233
222,224,248
222,225,226
222,227,228
222,227,231
222,227,233
222,227,247
222,228,233
222,228,248
222,228,253
222,231,233
222,233,248
222,233,253
222,241,247
222,241,248
222,241,252
222,241,253
222,247,248
222,247,253
222,248,252
222,248,253
222,252,253
223,224,225
223,224,226
223,224,227
223,224,228
223,224,231
223,224,232
223,224,233
223,224,248
223,225,226
223,227,228
223,227,231
223,227,233
223,228,232
223,228,233
223,228,242
223,228,248
223,228,253
223,231,232
223,231,233
223,232,233
223,232,252
223,232,253
223,233,248
223,233,253
223,241,242
223,241,243
223,241,248
223,241,252
223,241,253
223,242,243
223,242,248
223,242,252
223,242,253
223,243,248
223,243,253
223,248,252
223,248,253
223,252,253
224,225,226
224,227,228
224,227,231
224,227,233
224,228,232
224,228,233
224,228,248
224,231,232
224,231,233
224,232,233
224,233,248
227,228,229
227,228,230
227,228,233
227,229,230
227,230,233
227,231,233
228,229,230
228,230,233
228,232,233
228,232,244
228,232,253
228,233,244
228,233,248
228,233,253
228,242,244
228,242,248
228,242,253
228,244,248
228,244,253
228,248,253
231,232,233
231,232,234
231,232,235
231,232,236
231,233,234
231,233,235
231,233,236
231,234,235
231,234,236
231,235,236
232,233,234
232,233,235
232,233,236
232,233,244
232,233,253
232,234,235
232,234,236
232,235,236
232,244,252
232,244,253
232,252,253
233,234,235
233,234,236
233,235,236
233,244,248
233,244,253
233,248,253
234,235,236
237,238,239
237,238,240
237,239,240
238,239,240
241,242,243
241,242,244
241,242,245
241,242,246
241,242,247
241,242,248
241,242,249
241,242,250
241,242,251
241,242,252
241,242,253
241,243,244
241,243,245
241,243,246
241,243,247
241,243,248
241,243,249
241,243,250
241,243,251
241,243,253
241,244,245
241,244,246
241,244,247
241,244,248
241,244,249
241,244,250
241,244,251
241,244,252
241,244,253
241,245,246
241,245,247
241,245,248
241,245,249
241,245,250
241,245,251
241,246,247
241,246,248
241,246,249
241,246,250
241,246,251
241,247,248
241,247,249
241,247,250
241,247,251
241,247,253
241,248,249
241,248,250
241,248,251
241,248,252
241,248,253
241,249,250
241,249,251
241,250,251
241,251,253
241,252,253
242,243,244
242,243,245
242,243,246
242,243,247
242,243,248
242,243,249
242,243,250
242,243,251
242,243,253
242,244,245
242,244,246
242,244,247
242,244,248
242,244,249
242,244,250
242,244,251
242,244,252
242,244,253
242,245,246
242,245,247
242,245,248
242,245,249
242,245,250
242,245,251
242,246,247
242,246,248
242,246,249
242,246,250
242,246,251
242,247,248
242,247,249
242,247,250
242,247,251
242,247,253
242,248,249
242,248,250
242,248,251
242,248,252
242,248,253
242,249,250
242,249,251
242,250,251
242,251,253
242,252,253
243,244,245
243,244,246
243,244,247
243,244,248
243,244,249
243,244,250
243,244,251
243,244,253
243,245,246
243,245,247
243,245,248
243,245,249
243,245,250
243,245,251
243,246,247
243,246,248
243,246,249
243,246,250
243,246,251
243,247,248
243,247,249
243,247,250
243,247,251
243,247,253
243,248,249
243,248,250
243,248,251
243,248,253
243,249,250
243,249,251
243,250,251
243,251,253
244,245,246
244,245,247
244,245,248
244,245,249
244,245,250
244,245,251
244,246,247
244,246,248
244,246,249
244,246,250
244,246,251
244,247,248
244,247,249
244,247,250
244,247,251
244,247,253
244,248,249
244,248,250
244,248,251
244,248,252
244,248,253
244,249,250
244,249,251
244,250,251
244,251,253
244,252,253
245,246,247
245,246,248
245,246,249
245,246,250
245,246,251
245,247,248
245,247,249
245,247,250
245,247,251
245,248,249
245,248,250
245,248,251
245,249,250
245,249,251
245,250,251
246,247,248
246,247,249
246,247,250
246,247,251
246,248,249
246,248,250
246,248,251
246,249,250
246,249,251
246,250,251
247,248,249
247,248,250
247,248,251
247,248,253
247,249,250
247,249,251
247,250,251
247,251,253
248,249,250
248,249,251
248,250,251
248,251,253
248,252,253
249,250,251
252,253,254
252,253,255
252,254,255
253,254,255
258,259,260
259,267,268
261,262,263
261,262,264
261,262,265
261,262,266
261,262,267
261,263,264
261,263,265
261,263,266
261,264,265
261,264,266
261,265,266
261,280,281
262,263,264
262,263,265
262,263,266
262,264,265
262,264,266
262,265,266
263,264,265
263,264,266
263,265,266
264,265,266
267,268,269
267,268,270
267,268,272
267,268,277
267,269,270
267,271,272
267,276,277
268,269,270
271,272,273
271,272,274
271,272,275
271,273,274
271,273,275
271,274,275
271,280,281
272,273,274
272,273,275
272,274,275
273,274,275
276,277,278
276,277,279
276,278,279
276,280,281
277,278,279
280,281,282
283,284,285
283,284,286
283,284,287
283,284,288
283,284,291
283,285,286
283,287,288
284,285,286
284,287,288
284,288,292
284,291,292
287,288,289
287,288,290
287,289,290
288,289,290
297,298,299
297,298,300
297,298,301
297,298,302
297,299,300
297,301,302
298,299,300
298,301,302
301,302,303
301,302,304
301,302,305
301,303,304
301,303,305
301,304,305
301,305,324
301,323,324
301,328,330
302,303,304
302,303,305
302,304,305
303,304,305
305,324,326
306,307,308
306,307,309
306,308,309
307,308,309
310,311,312
310,311,313
310,311,314
310,311,315
310,311,316
310,311,317
310,311,318
310,311,319
310,311,320
310,311,321
310,311,322
310,312,313
310,312,314
310,312,315
310,312,316
310,312,317
310,312,318
310,312,319
310,312,320
310,312,321
310,312,322
310,313,314
310,313,315
310,313,316
310,313,317
310,313,318
310,313,319
310,313,320
310,313,321
310,313,322
310,314,315
310,314,316
310,314,317
310,314,318
310,314,319
310,314,320
310,314,321
310,314,322
310,315,316
310,315,317
310,315,318
310,315,319
310,315,320
310,315,321
310,315,322
310,316,317
310,316,318
310,316,319
310,316,320
310,316,321
310,316,322
310,317,318
310,317,319
310,317,320
310,317,321
310,317,322
310,318,319
310,318,320
310,318,321
310,318,322
310,319,320
310,319,321
310,319,322
310,320,321
310,320,322
310,321,322
311,312,313
311,312,314
311,312,315
311,312,316
311,312,317
311,312,318
311,312,319
311,312,320
311,312,321
311,312,322
311,313,314
311,313,315
311,313,316
311,313,317
311,313,318
311,313,319
311,313,320
311,313,321
311,313,322
311,314,315
311,314,316
311,314,317
311,314,318
311,314,319
311,314,320
311,314,321
311,314,322
311,315,316
311,315,317
311,315,318
311,315,319
311,315,320
311,315,321
311,315,322
311,316,317
311,316,318
311,316,319
311,316,320
311,316,321
311,316,322
311,317,318
311,317,319
311,317,320
311,317,321
311,317,322
311,318,319
311,318,320
311,318,321
311,318,322
311,319,320
311,319,321
311,319,322
311,320,321
311,320,322
311,321,322
312,313,314
312,313,315
312,313,316
312,313,317
312,313,318
312,313,319
312,313,320
312,313,321
312,313,322
312,314,315
312,314,316
312,314,317
312,314,318
312,314,319
312,314,320
312,314,321
312,314,322
312,315,316
312,315,317
312,315,318
312,315,319
312,315,320
312,315,321
312,315,322
312,316,317
312,316,318
312,316,319
312,316,320
312,316,321
312,316,322
312,317,318
312,317,319
312,317,320
312,317,321
312,317,322
312,318,319
312,318,320
312,318,321
312,318,322
312,319,320
312,319,321
312,319,322
312,320,321
312,320,322
312,321,322
313,314,315
313,314,316
313,314,317
313,314,318
313,314,319
313,314,320
313,314,321
313,314,322
313,315,316
313,315,317
313,315,318
313,315,319
313,315,320
313,315,321
313,315,322
313,316,317
313,316,318
313,316,319
313,316,320
313,316,321
313,316,322
313,317,318
313,317,319
313,317,320
313,317,321
313,317,322
313,318,319
313,318,320
313,318,321
313,318,322
313,319,320
313,319,321
313,319,322
313,320,321
313,320,322
313,321,322
314,315,316
314,315,317
314,315,318
314,315,319
314,315,320
314,315,321
314,315,322
314,316,317
314,316,318
314,316,319
314,316,320
314,316,321
314,316,322
314,317,318
314,317,319
314,317,320
314,317,321
314,317,322
314,318,319
314,318,320
314,318,321
314,318,322
314,319,320
314,319,321
314,319,322
314,320,321
314,320,322
314,321,322
315,316,317
315,316,318
315,316,319
315,316,320
315,316,321
315,316,322
315,317,318
315,317,319
315,317,320
315,317,321
315,317,322
315,318,319
315,318,320
315,318,321
315,318,322
315,319,320
315,319,321
315,319,322
315,320,321
315,320,322
315,321,322
316,317,318
316,317,319
316,317,320
316,317,321
316,317,322
316,318,319
316,318,320
316,318,321
316,318,322
316,319,320
316,319,321
316,319,322
316,320,321
316,320,322
316,321,322
317,318,319
317,318,320
317,318,321
317,318,322
317,319,320
317,319,321
317,319,322
317,320,321
317,320,322
317,321,322
318,319,320
318,319,321
318,319,322
318,320,321
318,320,322
318,321,322
319,320,321
319,320,322
319,321,322
320,321,322
323,324,325
323,324,326
323,325,326
324,325,326
327,328,329
327,328,330
327,328,331
327,329,330
327,329,331
327,330,331
328,329,330
328,329,331
328,330,331
329,330,331
332,333,334
332,333,335
332,333,336
332,334,335
332,334,336
332,335,336
333,334,335
333,334,336
333,335,336
334,335,336
337,338,339
342,343,344
342,343,345
342,343,346
342,343,347
342,344,345
342,344,346
342,344,347
342,345,346
342,345,347
342,346,347
343,344,345
343,344,346
343,344,347
343,345,346
343,345,347
343,346,347
344,345,346
344,345,347
344,346,347
345,346,347
348,349,350
348,349,351
348,349,352
348,349,353
348,349,354
348,349,355
348,350,351
348,350,352
348,350,353
348,350,354
348,350,355
348,351,352
348,351,353
348,351,354
348,351,355
348,352,353
348,352,354
348,352,355
348,353,354
348,353,355
348,354,355
349,350,351
349,350,352
349,350,353
349,350,354
349,350,355
349,350,366
349,351,352
349,351,353
349,351,354
349,351,355
349,352,353
349,352,354
349,352,355
349,353,354
349,353,355
349,354,355
350,351,352
350,351,353
350,351,354
350,351,355
350,352,353
350,352,354
350,352,355
350,353,354
350,353,355
350,354,355
351,352,353
351,352,354
351,352,355
351,353,354
351,353,355
351,354,355
352,353,354
352,353,355
352,354,355
353,354,355
356,357,358
356,357,359
356,358,359
357,358,359
362,363,364
362,363,365
362,363,367
362,364,365
363,364,365
366,367,368
366,367,369
366,368,369
367,368,369
370,371,372
370,371,373
370,372,373
371,372,373
374,375,376
374,375,377
374,376,377
375,376,377
378,379,380
381,382,383
381,382,384
381,383,384
382,383,384
387,388,389
387,388,390
387,389,390
388,389,390
388,391,392
388,398,400
391,392,393
391,392,394
391,392,395
391,392,396
391,393,394
391,393,395
391,393,396
391,394,395
391,394,396
391,395,396
392,393,394
392,393,395
392,393,396
392,394,395
392,394,396
392,395,396
393,394,395
393,394,396
393,395,396
394,395,396
397,398,399
397,398,400
397,398,401
397,398,402
397,398,403
397,399,400
397,399,401
397,399,402
397,399,403
397,400,401
397,400,402
397,400,403
397,401,402
397,401,403
397,402,403
398,399,400
398,399,401
398,399,402
398,399,403
398,400,401
398,400,402
398,400,403
398,401,402
398,401,403
398,402,403
399,400,401
399,400,402
399,400,403
399,401,402
399,401,403
399,402,403
400,401,402
400,401,403
400,402,403
401,402,403
405,406,407
406,407,408
406,407,409
406,407,410
406,408,409
406,408,410
406,409,410
407,408,409
407,408,410
407,409,410
408,409,410
411,412,413
416,417,418
416,417,419
416,418,419
417,418,419
420,421,422
420,421,423
420,421,424
420,421,426
420,422,423
420,422,424
420,423,424
420,426,427
420,426,428
420,427,428
421,422,423
421,422,424
421,423,424
422,423,424
425,426,427
425,426,428
425,426,429
425,426,430
425,427,428
425,427,429
425,427,430
425,428,429
425,428,430
425,429,430
426,427,428
426,427,429
426,427,430
426,428,429
426,428,430
426,429,430
427,428,429
427,428,430
427,428,433
427,429,430
427,431,433
428,429,430
431,432,433
435,436,437
435,436,438
435,436,439
435,437,438
435,437,439
435,438,439
436,437,438
436,437,439
436,438,439
437,438,439
440,441,442
440,441,443
440,441,444
440,442,443
440,442,444
440,443,444
440,448,449
441,442,443
441,442,444
441,443,444
442,443,444
445,446,447
448,449,450
448,449,451
448,449,452
448,450,451
448,450,452
448,451,452
449,450,451
449,450,452
449,451,452
450,451,452
455,456,457
455,456,458
455,456,459
455,456,466
455,457,458
455,457,459
455,457,466
455,458,459
455,465,466
456,457,458
456,457,459
456,457,466
456,457,482
456,457,483
456,458,459
456,482,483
457,458,459
457,482,483
460,461,462
460,461,463
460,461,464
460,462,463
460,462,464
460,463,464
460,477,478
461,462,463
461,462,464
461,463,464
461,466,473
461,472,473
462,463,464
467,468,469
467,468,470
467,469,470
467,471,475
468,469,470
471,472,473
471,472,474
471,472,475
471,472,476
471,473,474
471,473,475
471,473,476
471,474,475
471,474,476
471,475,476
472,473,474
472,473,475
472,473,476
472,474,475
472,474,476
472,475,476
473,474,475
473,474,476
473,475,476
474,475,476
477,478,479
477,478,480
477,478,481
477,479,480
477,479,481
477,480,481
478,479,480
478,479,481
478,480,481
479,480,481
482,483,484
482,483,485
482,484,485
483,484,485
487,488,489
487,488,490
487,489,490
488,489,490
492,493,494
492,493,495
492,493,496
492,493,497
492,493,498
492,493,499
492,494,495
492,494,496
492,494,497
492,494,498
492,494,499
492,495,496
492,495,497
492,495,498
492,495,499
492,496,497
492,496,498
492,496,499
492,497,498
492,497,499
492,498,499
493,494,495
493,494,496
493,494,497
493,494,498
493,494,499
493,495,496
493,495,497
493,495,498
493,495,499
493,496,497
493,496,498
493,496,499
493,497,498
493,497,499
493,498,499
494,495,496
494,495,497
494,495,498
494,495,499
494,496,497
494,496,498
494,496,499
494,497,498
494,497,499
494,498,499
495,496,497
495,496,498
495,496,499
495,497,498
495,497,499
495,498,499
496,497,498
496,497,499
496,498,499
497,498,499
503,504,505
504,505,506
507,508,509
507,508,510
507,508,511
507,508,512
507,508,513
507,509,510
507,509,511
507,509,512
507,509,513
507,510,511
507,510,512
507,510,513
507,511,512
507,511,513
507,512,513
507,517,526
507,517,527
507,526,527
508,509,510
508,509,511
508,509,512
508,509,513
508,510,511
508,510,512
508,510,513
508,511,512
508,511,513
508,512,513
509,510,511
509,510,512
509,510,513
509,511,512
509,511,513
509,512,513
510,511,512
510,511,513
510,512,513
511,512,513
514,515,516
514,516,517
516,517,518
517,518,522
517,522,526
517,522,527
517,526,527
518,522,523
521,522,523
521,522,524
521,522,525
521,522,526
521,522,527
521,523,524
521,523,525
521,524,525
521,526,527
522,523,524
522,523,525
522,524,525
522,526,527
523,524,525
526,527,528
529,530,531
529,530,532
529,530,533
529,530,534
529,531,532
529,531,533
529,531,534
529,532,533
529,532,534
529,533,534
530,531,532
530,531,533
530,531,534
530,532,533
530,532,534
530,533,534
530,536,538
531,532,533
531,532,534
531,533,534
532,533,534
535,536,537
535,536,538
535,536,539
535,536,540
535,536,541
535,536,542
535,536,543
535,536,544
535,536,545
535,536,546
535,536,547
535,536,548
535,537,538
535,537,539
535,537,540
535,537,541
535,537,542
535,537,543
535,537,544
535,537,545
535,537,546
535,537,547
535,537,548
535,537,573
535,538,539
535,538,540
535,538,541
535,538,542
535,538,543
535,538,544
535,538,545
535,538,546
535,538,547
535,538,548
535,539,540
535,539,541
535,539,542
535,539,543
535,539,544
535,539,545
535,539,546
535,539,547
535,539,548
535,540,541
535,540,542
535,540,543
535,540,544
535,540,545
535,540,546
535,540,547
535,540,548
535,541,542
535,541,543
535,541,544
535,541,545
535,541,546
535,541,547
535,541,548
535,542,543
535,542,544
535,542,545
535,542,546
535,542,547
535,542,548
535,543,544
535,543,545
535,543,546
535,543,547
535,543,548
535,544,545
535,544,546
535,544,547
535,544,548
535,545,546
535,545,547
535,545,548
535,546,547
535,546,548
535,547,548
535,572,573
536,537,538
536,537,539
536,537,540
536,537,541
536,537,542
536,537,543
536,537,544
536,537,545
536,537,546
536,537,547
536,537,548
536,538,539
536,538,540
536,538,541
536,538,542
536,538,543
536,538,544
536,538,545
536,538,546
536,538,547
536,538,548
536,539,540
536,539,541
536,539,542
536,539,543
536,539,544
536,539,545
536,539,546
536,539,547
536,539,548
536,540,541
536,540,542
536,540,543
536,540,544
536,540,545
536,540,546
536,540,547
536,540,548
536,541,542
536,541,543
536,541,544
536,541,545
536,541,546
536,541,547
536,541,548
536,542,543
536,542,544
536,542,545
536,542,546
536,542,547
536,542,548
536,543,544
536,543,545
536,543,546
536,543,547
536,543,548
536,544,545
536,544,546
536,544,547
536,544,548
536,545,546
536,545,547
536,545,548
536,546,547
536,546,548
536,547,548
537,538,539
537,538,540
537,538,541
537,538,542
537,538,543
537,538,544
537,538,545
537,538,546
537,538,547
537,538,548
537,539,540
537,539,541
537,539,542
537,539,543
537,539,544
537,539,545
537,539,546
537,539,547
537,539,548
537,540,541
537,540,542
537,540,543
537,540,544
537,540,545
537,540,546
537,540,547
537,540,548
537,541,542
537,541,543
537,541,544
537,541,545
537,541,546
537,541,547
537,541,548
537,542,543
537,542,544
537,542,545
537,542,546
537,542,547
537,542,548
537,543,544
537,543,545
537,543,546
537,543,547
537,543,548
537,544,545
537,544,546
537,544,547
537,544,548
537,545,546
537,545,547
537,545,548
537,546,547
537,546,548
537,547,548
538,539,540
538,539,541
538,539,542
538,539,543
538,539,544
538,539,545
538,539,546
538,539,547
538,539,548
538,540,541
538,540,542
538,540,543
538,540,544
538,540,545
538,540,546
538,540,547
538,540,548
538,541,542
538,541,543
538,541,544
538,541,545
538,541,546
538,541,547
538,541,548
538,542,543
538,542,544
538,542,545
538,542,546
538,542,547
538,542,548
538,543,544
538,543,545
538,543,546
538,543,547
538,543,548
538,544,545
538,544,546
538,544,547
538,544,548
538,545,546
538,545,547
538,545,548
538,546,547
538,546,548
538,547,548
539,540,541
539,540,542
539,540,543
539,540,544
539,540,545
539,540,546
539,540,547
539,540,548
539,541,542
539,541,543
539,541,544
539,541,545
539,541,546
539,541,547
539,541,548
539,542,543
539,542,544
539,542,545
539,542,546
539,542,547
539,542,548
539,543,544
539,543,545
539,543,546
539,543,547
539,543,548
539,544,545
539,544,546
539,544,547
539,544,548
539,545,546
539,545,547
539,545,548
539,546,547
539,546,548
539,547,548
540,541,542
540,541,543
540,541,544
540,541,545
540,541,546
540,541,547
540,541,548
540,542,543
540,542,544
540,542,545
540,542,546
540,542,547
540,542,548
540,543,544
540,543,545
540,543,546
540,543,547
540,543,548
540,544,545
540,544,546
540,544,547
540,544,548
540,545,546
540,545,547
540,545,548
540,546,547
540,546,548
540,547,548
541,542,543
541,542,544
541,542,545
541,542,546
541,542,547
541,542,548
541,543,544
541,543,545
541,543,546
541,543,547
541,543,548
541,544,545
541,544,546
541,544,547
541,544,548
541,545,546
541,545,547
541,545,548
541,546,547
541,546,548
541,547,548
542,543,544
542,543,545
542,543,546
542,543,547
542,543,548
542,544,545
542,544,546
542,544,547
542,544,548
542,545,546
542,545,547
542,545,548
542,546,547
542,546,548
542,547,548
543,544,545
543,544,546
543,544,547
543,544,548
543,545,546
543,545,547
543,545,548
543,546,547
543,546,548
543,547,548
544,545,546
544,545,547
544,545,548
544,546,547
544,546,548
544,547,548
545,546,547
545,546,548
545,547,548
546,547,548
549,550,551
549,550,552
549,550,553
549,551,552
549,551,553
549,552,553
550,551,552
550,551,553
550,552,553
551,552,553
554,555,556
554,555,557
554,555,558
554,555,559
554,555,560
554,556,557
554,556,558
554,556,559
554,557,558
554,557,559
554,558,559
555,556,557
555,556,558
555,556,559
555,557,558
555,557,559
555,558,559
555,560,561
556,557,558
556,557,559
556,558,559
557,558,559
560,561,562
560,561,563
560,561,564
560,562,563
561,562,563
561,564,565
564,565,566
564,565,567
564,566,567
565,566,567
565,569,570
568,569,570
568,569,571
568,570,571
569,570,571
572,573,574
572,573,575
572,574,575
573,574,575
576,577,578
579,580,581
579,580,582
579,580,583
579,581,582
579,581,583
579,582,583
580,581,582
580,581,583
580,582,583
581,582,583
584,585,586
584,585,587
584,585,588
584,585,589
584,585,590
584,586,587
584,586,588
584,586,589
584,586,590
584,586,592
584,587,588
584,587,589
584,587,590
584,588,589
584,588,590
584,589,590
584,591,592
584,591,594
584,592,594
585,586,587
585,586,588
585,586,589
585,586,590
585,587,588
585,587,589
585,587,590
585,588,589
585,588,590
585,589,590
586,587,588
586,587,589
586,587,590
586,588,589
586,588,590
586,589,590
587,588,589
587,588,590
587,589,590
588,589,590
591,592,593
591,592,594
591,593,594
592,593,594
597,598,599
597,598,600
597,598,601
597,599,600
597,599,601
597,600,601
598,599,600
598,599,601
598,600,601
599,600,601
602,603,604
602,603,605
602,603,621
602,604,605
602,620,621
603,604,605
606,607,608
606,607,609
606,607,610
606,607,611
606,607,612
606,607,613
606,608,609
606,608,610
606,608,611
606,608,612
606,608,613
606,609,610
606,609,611
606,609,612
606,609,613
606,610,611
606,610,612
606,610,613
606,611,612
606,611,613
606,612,613
607,608,609
607,608,610
607,608,611
607,608,612
607,608,613
607,609,610
607,609,611
607,609,612
607,609,613
607,610,611
607,610,612
607,610,613
607,611,612
607,611,613
607,612,613
608,609,610
608,609,611
608,609,612
608,609,613
608,610,611
608,610,612
608,610,613
608,611,612
608,611,613
608,612,613
609,610,611
609,610,612
609,610,613
609,611,612
609,611,613
609,612,613
610,611,612
610,611,613
610,612,613
611,612,613
616,617,618
616,617,619
616,618,619
617,618,619
622,623,624
625,626,627
625,626,628
625,626,629
625,627,628
625,627,629
625,628,629
626,627,628
626,627,629
626,628,629
627,628,629
630,631,632
630,631,633
630,631,634
630,631,635
630,632,633
630,632,634
630,632,635
630,633,634
630,633,635
630,634,635
631,632,633
631,632,634
631,632,635
631,633,634
631,633,635
631,634,635
632,633,634
632,633,635
632,634,635
633,634,635
638,639,640
638,639,641
638,639,642
638,639,643
638,639,644
638,639,645
638,640,641
638,640,642
638,640,643
638,640,644
638,640,645
638,641,642
638,641,643
638,641,644
638,641,645
638,642,643
638,642,644
638,642,645
638,643,644
638,643,645
638,644,645
639,640,641
639,640,642
639,640,643
639,640,644
639,640,645
639,641,642
639,641,643
639,641,644
639,641,645
639,642,643
639,642,644
639,642,645
639,643,644
639,643,645
639,644,645
640,641,642
640,641,643
640,641,644
640,641,645
640,642,643
640,642,644
640,642,645
640,643,644
640,643,645
640,644,645
641,642,643
641,642,644
641,642,645
641,643,644
641,643,645
641,644,645
642,643,644
642,643,645
642,644,645
643,644,645
646,647,648
646,647,649
646,648,649
647,648,649
650,651,652
650,651,653
650,651,654
650,651,655
650,652,653
650,652,654
650,652,655
650,653,654
650,653,655
650,654,655
651,652,653
651,652,654
651,652,655
651,653,654
651,653,655
651,654,655
652,653,654
652,653,655
652,654,655
653,654,655
656,657,658
659,660,661
662,663,664
662,663,665
662,664,665
663,664,665
666,667,668
666,667,669
666,668,669
667,668,669
670,671,672
670,671,673
670,671,674
670,671,675
670,672,673
670,672,674
670,672,675
670,673,674
670,673,675
670,674,675
671,672,673
671,672,674
671,672,675
671,673,674
671,673,675
671,674,675
672,673,674
672,673,675
672,674,675
673,674,675
